3706000.0
3706000.0
3706000.0
3706000.0
3706000.0
3706000.0
3706000.0
3706000.0
3706000.0
3706000.0
3685.0
3706000.0
3706000.0
3706000.0
3706000.0
3706000.0
3706000.0
3706000.0
3665.0
3706000.0
3706000.0
3706000.0
3706000.0
3613.0
3706000.0
3706000.0
3669.0
3653.0
3706000.0
3706000.0
3706000.0
3706000.0
3706000.0
3577.0
3706000.0
3630.0
3706000.0
3662.0
3555.0
3557.0
3631.0
3706000.0
3706000.0
3706000.0
3706000.0
3553.0
3566.0
3706000.0
3706000.0
3528.0
3549.0
3706000.0
3706000.0
3706000.0
3559.0
3706000.0
3706000.0
3575.0
3475.0
3501.0
3609.0
3527.0
3597.0
3531.0
3439.0
3706000.0
3706000.0
3706000.0
3536.0
3545.0
3490.0
3706000.0
3496.0
3706000.0
3513.0
3510.0
3551.0
3524.0
3436.0
3706000.0
3459.0
3520.0
3398.0
3431.0
3463.0
3409.0
3442.0
3543.0
3353.0
3706000.0
3515.0
3415.0
3468.0
3401.0
3420.0
3504.0
3706000.0
3392.0
3451.0
3277.0
3358.0
3362.0
3601.0
3435.0
3394.0
3370.0
3388.0
3472.0
3294.0
3380.0
3351.0
3706000.0
3348.0
3365.0
3319.0
3124.0
3345.0
3285.0
3280.0
3136.0
3374.0
3195.0
3368.0
3253.0
3706000.0
3386.0
3228.0
3338.0
3426.0
3303.0
3292.0
3249.0
3341.0
3244.0
3706000.0
3226.0
3287.0
3211.0
3310.0
3334.0
3275.0
3237.0
3313.0
3299.0
3246.0
3328.0
3412.0
3325.0
3222.0
3258.0
3315.0
3160.0
3096.0
3121.0
3149.0
3216.0
3176.0
3155.0
3057.0
3163.0
3201.0
3186.0
3169.0
3115.0
2931.0
2999.0
2941.0
3006.0
3173.0
3267.0
3129.0
3181.0
3093.0
3203.0
3209.0
2896.0
3105.0
3083.0
2978.0
2963.0
2972.0
2989.0
2936.0
2857.0
2992.0
3090.0
2926.0
3025.0
3189.0
3078.0
3063.0
3087.0
2885.0
2799.0
2907.0
2996.0
2787.0
2794.0
3706000.0
2209.0
2984.0
2846.0
2879.0
2774.0
2826.0
2955.0
2901.0
2670.0
2862.0
2819.0
2816.0
2824.0
2732.0
2783.0
2661.0
2721.0
2745.0
2851.0
2573.0
2726.0
2666.0
2655.0
2803.0
3001.0
2645.0
2832.0
2961.0
2812.0
2588.0
2549.0
2755.0
2178.0
2626.0
2717.0
2632.0
2606.0
2511.0
2703.0
2593.0
2809.0
2546.0
2769.0
2841.0
2653.0
2538.0
2562.0
2898.0
2649.0
2318.0
2338.0
2578.0
2568.0
2506.0
2213.0
2508.0
2265.0
2444.0
2333.0
2751.0
2193.0
2612.0
1987.0
2515.0
2635.0
2495.0
2047.0
1977.0
2329.0
2217.0
2498.0
2068.0
2159.0
2028.0
2097.0
2556.0
1311.0
2204.0
1446.0
1477.0
2093.0
2410.0
1967.0
2066.0
2741.0
1322.0
1951.0
2200.0
1942.0
1305.0
1696.0
1488.0
1909.0
2311.0
2734.0
1973.0
1316.0
1396.0
2089.0
2792.0
2263.0
2032.0
1297.0
2152.0
2503.0
1360.0
1887.0
1005.0
2421.0
1548.0
1452.0
1773.0
1250.0
1761.0
2082.0
2134.0
2239.0
2221.0
2371.0
1265.0
1482.0
1947.0
1960.0
1243.0
1427.0
1544.0
2053.0
1983.0
1389.0
2189.0
1475.0
1291.0
1440.0
985.0
1734.0
2149.0
1012.0
963.0
1239.0
1915.0
925.0
1903.0
1715.0
993.0
1607.0
2118.0
956.0
1955.0
2253.0
1392.0
2378.0
1597.0
711.0
2123.0
2041.0
1704.0
999.0
1576.0
1380.0
706.0
920.0
3706000.0
668.0
1889.0
2712.0
1274.0
1769.0
1220.0
978.0
3055.0
1236.0
3019.0
1859.0
481.0
692.0
1537.0
1140.0
661.0
909.0
539.0
858.0
914.0
932.0
675.0
1570.0
2532.0
486.0
2128.0
547.0
1213.0
2345.0
636.0
2361.0
432.0
1216.0
878.0
884.0
1854.0
2486.0
1691.0
1233.0
2366.0
646.0
2019.0
2476.0
1227.0
1052.0
2483.0
655.0
523.0
424.0
2184.0
516.0
1469.0
951.0
1835.0
507.0
1564.0
1372.0
1532.0
1134.0
700.0
1884.0
1057.0
1868.0
1650.0
2424.0
3706000.0
1354.0
1754.0
1172.0
1787.0
590.0
2292.0
1872.0
1827.0
1499.0
451.0
789.0
3014.0
1604.0
615.0
2598.0
2463.0
468.0
851.0
1504.0
473.0
1678.0
439.0
1894.0
2524.0
1585.0
2057.0
1124.0
679.0
1116.0
1435.0
1258.0
1620.0
382.0
2013.0
477.0
367.0
2036.0
1746.0
760.0
632.0
457.0
2108.0
1072.0
872.0
1843.0
357.0
1038.0
461.0
1645.0
2232.0
519.0
1727.0
1364.0
1411.0
1128.0
767.0
421.0
288.0
355.0
784.0
1178.0
271.0
2451.0
1084.0
2433.0
444.0
1639.0
1670.0
255.0
755.0
3028.0
261.0
1898.0
751.0
2405.0
1348.0
776.0
1077.0
834.0
267.0
1935.0
1414.0
1939.0
1519.0
627.0
2325.0
2229.0
2102.0
1163.0
3068.0
720.0
1341.0
1432.0
2009.0
316.0
2142.0
312.0
414.0
2837.0
1460.0
1326.0
904.0
3446.0
2301.0
1407.0
503.0
1285.0
307.0
275.0
1466.0
243.0
740.0
1780.0
526.0
2916.0
1631.0
1990.0
282.0
496.0
532.0
1186.0
410.0
3046.0
1923.0
3041.0
236.0
608.0
348.0
1280.0
490.0
226.0
2639.0
2024.0
1068.0
1662.0
1684.0
1851.0
1195.0
1402.0
231.0
891.0
168.0
395.0
828.0
399.0
203.0
212.0
207.0
1998.0
1332.0
2871.0
806.0
2891.0
220.0
1929.0
2951.0
1515.0
1819.0
342.0
240.0
346.0
1049.0
2172.0
2436.0
326.0
155.0
1103.0
200.0
1656.0
1108.0
1877.0
2297.0
2353.0
844.0
601.0
1155.0
2921.0
1263.0
391.0
119.0
179.0
2492.0
386.0
586.0
569.0
1848.0
158.0
3035.0
900.0
151.0
672.0
163.0
1637.0
132.0
683.0
967.0
2947.0
1524.0
405.0
795.0
125.0
2350.0
1709.0
1253.0
107.0
111.0
102.0
216.0
730.0
2002.0
1092.0
1032.0
2137.0
149.0
848.0
190.0
565.0
249.0
321.0
376.0
1047.0
2276.0
1207.0
725.0
1810.0
1919.0
581.0
2393.0
2402.0
576.0
1801.0
1269.0
560.0
1062.0
2287.0
1796.0
183.0
822.0
1400.0
3570.0
2398.0
1555.0
299.0
176.0
622.0
116.0
2072.0
2677.0
733.0
2062.0
945.0
81.0
1424.0
2460.0
1096.0
557.0
88.0
596.0
3111.0
371.0
3261.0
1202.0
1626.0
2146.0
2698.0
2271.0
3383.0
2284.0
297.0
323.0
2256.0
1024.0
77.0
2619.0
2679.0
2688.0
3706000.0
303.0
335.0
1148.0
2691.0
2386.0
294.0
195.0
2965.0
2526.0
554.0
2873.0
70.0
1421.0
146.0
2243.0
3071.0
2112.0
58.0
744.0
1740.0
894.0
2249.0
1029.0
2474.0
2760.0
51.0
54.0
863.0
1587.0
1334.0
799.0
3706000.0
47.0
3197.0
332.0
3706000.0
61.0
1137.0
3706000.0
1087.0
649.0
3706000.0
816.0
36.0
138.0
135.0
2426.0
2776.0
2234.0
2247.0
172.0
2236.0
1917.0
3706000.0
1803.0
1199.0
2729.0
3706000.0
2470.0
2910.0
2694.0
3269.0
2383.0
1384.0
1018.0
2289.0
1490.0
1041.0
2181.0
339.0
143.0
811.0
3477.0
2281.0
23.0
21.0
3579.0
3706000.0
837.0
3706000.0
122.0
542.0
2580.0
2472.0
2415.0
2168.0
1612.0
938.0
814.0
2723.0
19.0
2440.0
3706000.0
2438.0
3706000.0
3706000.0
350.0
3706000.0
3706000.0
2479.0
12.0
2038.0
2865.0
2429.0
3706000.0
3021.0
3706000.0
2736.0
3141.0
1152.0
3138.0
363.0
3230.0
2706.0
3706000.0
3706000.0
1118.0
3706000.0
2681.0
2164.0
1719.0
3438.0
3655.0
3051.0
2740.0
3039.0
3664.0
2622.0
1839.0
3043.0
2618.0
1825.0
1798.0
2658.0
1901.0
2591.0
3668.0
2044.0
2684.0
2687.0
2967.0
2672.0
1699.0
1177.0
1926.0
1711.0
1169.0
3634.0
1185.0
3296.0
1122.0
1230.0
1189.0
1212.0
286.0
3273.0
43.0
17.0
666.0
1003.0
2860.0
1314.0
6.0
259.0
704.0
280.0
45.0
0.0
3076.0
265.0
537.0
253.0
73.0
380.0
26.0
86.0
1010.0
8.0
64.0
68.0
34.0
466.0
100.0
94.0
98.0
28.0
32.0
991.0
75.0
2.0
419.0
1438.0
15.0
3224.0
4.0
30.0
449.0
66.0
92.0
41.0
96.0
49.0
10.0
