2.4192200000000003e-12
2.56933e-12
2.09033e-12
1.83352e-12
1.65552e-12
1.55872e-12
3.46247e-12
1.67497e-12
1.49227e-12
1.34638e-12
7.97422e-13
1.6991599999999998e-12
1.62939e-12
1.5963e-12
1.50389e-12
1.44469e-12
1.0002e-12
7.62875e-13
1.0185799999999999e-12
1.12672e-12
1.27091e-12
8.28281e-13
1.16316e-12
4.5275e-13
1.19863e-12
1.6673400000000002e-12
1.20588e-12
6.80375e-13
1.3200899999999999e-12
6.065e-13
1.4319100000000001e-12
1.20258e-12
9.182190000000001e-13
9.372190000000001e-13
1.5550799999999999e-12
1.0829799999999999e-12
1.2329999999999999e-12
7.85984e-13
7.06703e-13
2.20594e-13
1.14225e-12
9.18656e-13
4.898439999999999e-13
1.3953299999999999e-12
8.1525e-13
8.546879999999999e-13
5.92516e-13
1.29805e-12
1.01655e-12
4.2254700000000004e-13
5.28563e-13
1.28141e-12
5.014689999999999e-13
9.6625e-14
2.09375e-13
4.01094e-14
1.50938e-14
1.39531e-14
1.39531e-14
7.53125e-15
1.08594e-14
6.6875e-15
8.57813e-15
4.34375e-15
1.29844e-14
6.09375e-15
1.7656300000000003e-15
2.125e-14
5.48438e-15
3.79688e-15
2.15625e-15
6.23438e-15
5.125e-15
1.26563e-15
