0.0
0.0
0.0
0.0
0.0
0.0
0.0
0.0
0.0
0.0
-2313.671
0.0
0.0
0.0
0.0
0.0
0.0
0.0
-2368.758
0.0
0.0
0.0
0.0
-2553.521
0.0
0.0
-2360.628
-2419.976
0.0
0.0
0.0
0.0
0.0
-2605.564
0.0
-2494.888
0.0
-2380.188
-2629.245
-2628.951
-2484.837
0.0
0.0
0.0
0.0
-2636.427
-2627.228
0.0
0.0
-2705.838
-2676.281
0.0
0.0
0.0
-2627.593
0.0
0.0
-2620.306
-2811.443
-2782.321
-2554.87
-2711.256
-2579.646
-2698.436
-2835.133
0.0
0.0
0.0
-2697.575
-2689.007
-2796.527
0.0
-2786.745
0.0
-2746.773
-2748.504
-2649.111
-2719.963
-2837.34
0.0
-2826.094
-2735.114
-2896.147
-2840.468
-2823.859
-2891.844
-2834.054
-2691.588
-2945.742
0.0
-2738.725
-2890.003
-2823.276
-2896.141
-2884.059
-2777.159
0.0
-2903.295
-2832.992
-3055.862
-2944.091
-2943.249
-2579.456
-2840.217
-2900.191
-2918.604
-2909.598
-2820.596
-3039.09
-2909.796
-2953.71
0.0
-2959.386
-2925.74
-3015.204
-3226.558
-2969.254
-3041.959
-3046.833
-3220.355
-2916.026
-3146.554
-2922.156
-3074.144
0.0
-2909.627
-3097.696
-2975.296
-2843.87
-3031.902
-3039.643
-3078.444
-2970.858
-3091.234
0.0
-3106.609
-3041.194
-3127.066
-3027.674
-2995.974
-3057.546
-3091.298
-3021.556
-3032.257
-3090.892
-3012.357
-2890.772
-3013.363
-3115.603
-3073.504
-3021.514
-3196.459
-3241.685
-3229.857
-3217.657
-3124.449
-3169.794
-3212.485
-3271.704
-3194.518
-3139.859
-3151.72
-3189.468
-3230.59
-3356.227
-3285.174
-3351.077
-3273.952
-3172.156
-3061.968
-3225.699
-3158.411
-3245.286
-3135.485
-3131.097
-3384.029
-3238.715
-3260.28
-3324.469
-3333.179
-3325.48
-3300.346
-3351.204
-3386.689
-3288.181
-3249.016
-3360.108
-3273.952
-3149.263
-3268.124
-3271.15
-3252.829
-3385.051
-3447.437
-3364.072
-3286.26
-3462.864
-3451.5
0.0
-3726.507
-3315.04
-3393.404
-3385.084
-3471.555
-3416.259
-3344.527
-3374.693
-3545.065
-3386.273
-3431.871
-3432.043
-3430.801
-3527.953
-3463.851
-3557.426
-3534.981
-3521.803
-3388.248
-3599.894
-3534.53
-3557.138
-3558.547
-3439.735
-3280.271
-3572.318
-3400.151
-3333.518
-3434.748
-3597.924
-3617.123
-3501.754
-3746.159
-3589.87
-3535.783
-3581.43
-3594.367
-3653.274
-3542.688
-3594.531
-3435.122
-3634.729
-3498.332
-3393.489
-3560.543
-3640.016
-3613.929
-3375.91
-3563.259
-3714.641
-3689.797
-3598.449
-3608.332
-3656.45
-3721.676
-3655.345
-3718.384
-3682.539
-3701.951
-3511.696
-3733.531
-3594.095
-3791.094
-3648.247
-3575.607
-3678.082
-3791.094
-3798.114
-3708.061
-3721.676
-3676.14
-3783.757
-3754.248
-3791.094
-3763.347
-3613.929
-3963.768
-3727.471
-3885.287
-3855.101
-3775.035
-3689.797
-3806.886
-3784.874
-3526.712
-3931.676
-3806.886
-3729.443
-3806.886
-3975.965
-3806.886
-3826.006
-3806.886
-3715.078
-3526.712
-3806.001
-3935.478
-3907.853
-3783.528
-3457.459
-3721.676
-3791.094
-3978.378
-3762.225
-3671.705
-3931.676
-3806.886
-4064.726
-3684.662
-3806.886
-3882.471
-3806.886
-4009.571
-3806.886
-3783.757
-3763.347
-3721.676
-3721.676
-3689.797
-3987.927
-3829.946
-3806.886
-3806.886
-4009.591
-3907.853
-3810.955
-3791.094
-3792.17
-3915.128
-3746.159
-3871.791
-3987.927
-3891.397
-4149.754
-3806.886
-3763.347
-4011.454
-4186.643
-4011.454
-3806.886
-4198.14
-3806.886
-3806.886
-4111.7
-3806.886
-3763.347
-4191.264
-3806.886
-3721.676
-3907.909
-3689.797
-3806.886
-4246.453
-3763.347
-3791.094
-3806.886
-4099.934
-3806.886
-3931.676
-4270.116
-4203.287
0.0
-4310.632
-3806.886
-3542.688
-3987.927
-3806.886
-4011.454
-4179.456
-3273.952
-4011.454
-3273.952
-3806.886
-4561.725
-4305.761
-3826.006
-4011.454
-4365.666
-4237.28
-4366.163
-4246.453
-4207.864
-4198.14
-4306.754
-3806.886
-3648.247
-4522.706
-3763.347
-4365.666
-4011.454
-3689.797
-4365.666
-3689.797
-4777.696
-4011.454
-4246.453
-4246.453
-3806.886
-3682.539
-3806.886
-4011.454
-3689.797
-4365.666
-3791.094
-3682.539
-4011.454
-4011.454
-3682.539
-4365.666
-4375.987
-4905.06
-3746.159
-4474.887
-3882.471
-4198.14
-3806.886
-4509.745
-3806.886
-3931.676
-3826.006
-4011.454
-4285.31
-3806.886
-4011.454
-3806.886
-3806.886
-3684.662
0.0
-3931.676
-3806.886
-4011.454
-3806.886
-4365.666
-3718.384
-3806.886
-3806.886
-3826.006
-4732.682
-4246.453
-3273.952
-3806.886
-4365.666
-3594.531
-3682.539
-4608.136
-4246.453
-3826.006
-4593.59
-3806.886
-4777.696
-3806.886
-3648.247
-3806.886
-3791.094
-4011.454
-4306.754
-4011.454
-3907.853
-4009.571
-3806.886
-4921.492
-3791.094
-4591.487
-5012.886
-3791.094
-3806.886
-4246.453
-4365.666
-4732.682
-3763.347
-4011.454
-4246.453
-3806.886
-5026.522
-4011.454
-4656.886
-3806.886
-3721.676
-4375.987
-3806.886
-3931.676
-3907.853
-4011.454
-4246.453
-4912.733
-5177.302
-5115.817
-4246.453
-4011.454
-5377.328
-3682.539
-4011.454
-3684.662
-4769.751
-3806.886
-3806.886
-5701.059
-4246.453
-3273.952
-5526.862
-3806.886
-4246.453
-3689.797
-3931.676
-4246.453
-4011.454
-4246.453
-5429.973
-3806.886
-3907.853
-3806.886
-3826.006
-4365.666
-3714.641
-3721.676
-3763.347
-4011.454
-3271.15
-4246.453
-3931.676
-3907.853
-3791.094
-5135.477
-3763.347
-5135.477
-4921.492
-3400.151
-3882.471
-3931.676
-4246.453
-2834.054
-3718.384
-3907.853
-4522.706
-3987.927
-5135.477
-5356.075
-3882.471
-5859.069
-4246.453
-3806.886
-4375.987
-3364.072
-3806.886
-3791.094
-5207.184
-4522.706
-4375.987
-4011.454
-4921.492
-3273.952
-3806.886
-3273.952
-5984.743
-4365.666
-5135.477
-3987.927
-4522.706
-6059.434
-3575.607
-3791.094
-4011.454
-3806.886
-3806.886
-3806.886
-4011.454
-3907.853
-6014.59
-4246.453
-6325.069
-4921.492
-4246.453
-4921.492
-6223.195
-6076.746
-6115.456
-3791.094
-3931.676
-3386.273
-4246.453
-3385.051
-6076.746
-3806.886
-3351.077
-3826.006
-3806.886
-5135.477
-5973.6
-5135.477
-4011.454
-3754.248
-3684.662
-5135.477
-6327.769
-4011.454
-6239.979
-3806.886
-4011.454
-3806.886
-3718.384
-3689.797
-4246.453
-4365.666
-4011.454
-3364.072
-4009.571
-4921.492
-6702.945
-6325.069
-3682.539
-4921.492
-4365.666
-4365.666
-3806.886
-6327.292
-3273.952
-4246.453
-6505.16
-4310.632
-6327.292
-3806.886
-6566.151
-4306.754
-4186.643
-3351.077
-3826.006
-4921.492
-4246.453
-6698.441
-3689.797
-3806.886
-4009.571
-7103.13
-6939.436
-7217.526
-6076.746
-4246.453
-3791.094
-4011.454
-4011.454
-3763.347
-6566.151
-4246.453
-6325.069
-4365.666
-5859.069
-5135.477
-5012.886
-4011.454
-3718.384
-4011.454
-4246.453
-3806.886
-3806.886
-4365.666
-3689.797
-3689.797
-4365.666
-3806.886
-3987.927
-4365.666
-4011.454
-3718.384
-3806.886
-6325.069
-4246.453
-3907.853
-2627.228
-3689.797
-3806.886
-5177.302
-6325.069
-4365.666
-6939.436
-3783.757
-3545.065
-4246.453
-3791.094
-4198.14
-8434.368
-3907.853
-3682.539
-4011.454
-4365.666
-7739.523
-4365.666
-3238.715
-5012.886
-3073.504
-4011.454
-3806.886
-3763.347
-3545.065
-3718.384
-2909.796
-3718.384
-5177.302
-5135.477
-3721.676
-4011.454
-8608.157
-3594.095
-3545.065
-3545.065
0.0
-5177.302
-5135.477
-4011.454
-3545.065
-3689.797
-5177.302
-6325.069
-3333.179
-3648.247
-4365.666
-3386.273
-9760.602
-3907.853
-6566.151
-3721.676
-3271.15
-3763.347
-10585.358
-4246.453
-3806.886
-4246.453
-3721.676
-4011.454
-3682.539
-3501.754
-11082.257
-10673.544
-4246.453
-3806.886
-3931.676
-4246.453
0.0
-11653.579
-3146.554
-5135.477
0.0
-10508.883
-4011.454
0.0
-4011.454
-4365.666
0.0
-4246.453
-12701.835
-6566.151
-6566.151
-3684.662
-3471.555
-3721.676
-3721.676
-6325.069
-3721.676
-3806.886
0.0
-3806.886
-4011.454
-3534.53
0.0
-3682.539
-3364.072
-3545.065
-3061.968
-3689.797
-3931.676
-4011.454
-3718.384
-3826.006
-4011.454
-3746.159
-5135.477
-6566.151
-4246.453
-2811.443
-3718.384
-16326.304
-18369.824
-2605.564
0.0
-4246.453
0.0
-6702.945
-4366.163
-3598.449
-3682.539
-3689.797
-3754.248
-3806.886
-4198.14
-4246.453
-3534.981
-20135.647
-3684.662
0.0
-3684.662
0.0
0.0
-5135.477
0.0
0.0
-3682.539
-22672.217
-3791.094
-3386.273
-3684.662
0.0
-3273.952
0.0
-3526.712
-3220.355
-4011.454
-3220.355
-5026.522
-3097.696
-3542.688
0.0
0.0
-4011.454
0.0
-3545.065
-3754.248
-3806.886
-2837.34
-2419.976
-3273.952
-3526.712
-3273.952
-2380.188
-3594.095
-3806.886
-3273.952
-3594.095
-3806.886
-3806.886
-3558.547
-3806.886
-3597.924
-2368.758
-3791.094
-3545.065
-3545.065
-3333.179
-3545.065
-3806.886
-4011.454
-3806.886
-3806.886
-4011.454
-2484.837
-4011.454
-3039.09
-4011.454
-4011.454
-4011.454
-4011.454
-5179.272
-3059.453
-12383.674
-20777.646
-4312.564
-4069.13
-3386.685
-3939.713
-27250.025
-5677.484
-4270.774
-5298.766
-12110.035
-95330.495
-3268.45
-5520.147
-4375.816
-5852.13
-9363.84
-4928.587
-14779.404
-8154.886
-4061.598
-23261.057
-10260.851
-9804.531
-12720.505
-4615.799
-7255.086
-7652.848
-7549.755
-14382.718
-12794.076
-4131.691
-8960.311
-81821.698
-4918.683
-3895.32
-22640.898
-3106.705
-30779.541
-14112.23
-4756.026
-9993.865
-7682.775
-12433.904
-7614.509
-11561.162
-22672.217
