-5179.272
-3059.453
-12383.674
-20777.646
-4312.564
-4069.13
-3386.685
-3939.713
-27250.025
-5677.484
-4270.774
-5298.766
-12110.035
-95330.495
-3268.45
-5520.147
-4375.816
-5852.13
-9363.84
-4928.587
-14779.404
-8154.886
-4061.598
-23261.057
-10260.851
-9804.531
-12720.505
-4615.799
-7255.086
-7652.848
-7549.755
-14382.718
-12794.076
-4131.691
-8960.311
-81821.698
-4918.683
-3895.32
-22640.898
-3106.705
-30779.541
-14112.23
-4756.026
-9993.865
-7682.775
-12433.904
-7614.509
-11561.162
-22672.217
-7103.13
-2970.858
-2970.858
-6115.456
-6939.436
-6076.746
-3655.345
-5984.743
-3575.607
-3194.518
-2975.296
-4591.487
-5973.6
-3676.14
-5012.886
-3356.227
-6014.59
-3829.946
-4179.456
-10673.544
-3829.946
-3131.097
-3671.705
0.0
-6115.456
-3792.17
-4111.7
-3671.705
0.0
-6939.436
-6327.769
-5526.862
-6327.769
-3194.518
-4207.864
-4591.487
-6059.434
-18369.824
-6059.434
-3784.874
-5207.184
-3678.082
-6505.16
-4179.456
-6014.59
-10673.544
-3039.643
-6702.945
-3975.965
0.0
-12701.835
-20135.647
-6115.456
-3792.17
-4769.751
-5526.862
-5356.075
-6239.979
-4593.59
0.0
-7739.523
-4186.643
-3388.248
-3212.485
-3676.14
-3356.227
-5012.886
-5012.886
-3013.363
-4203.287
-4285.31
-10585.358
-22672.217
-5984.743
-3575.607
-4186.643
-5207.184
-5012.886
-10508.883
-6505.16
-6014.59
-5377.328
-4366.163
-12701.835
-6698.441
-2890.772
-6014.59
-3829.946
-11082.257
-16326.304
-5984.743
-3212.485
-4179.456
-6698.441
-3676.14
-3457.459
0.0
-6223.195
-6939.436
-9760.602
-4593.59
-3356.227
-3829.946
-9760.602
-5356.075
-2959.386
-10673.544
-6566.151
-4111.7
-7739.523
-3931.676
-3678.082
-6505.16
-4366.163
-4769.751
-3386.689
-3885.287
-6327.292
-3557.138
-3975.965
-3388.248
-8434.368
-3931.676
-4285.31
-16326.304
-5115.817
0.0
-4593.59
-4207.864
-5526.862
-4591.487
-6325.069
-6327.292
-6115.456
-4921.492
-3534.53
-6059.434
-4366.163
-3891.397
-6076.746
-6076.746
-3527.953
-6698.441
-7739.523
-4366.163
-3885.287
-12701.835
-4732.682
-7103.13
0.0
-6076.746
-6939.436
-4769.751
-4656.886
-10585.358
-4921.492
-4111.7
-4905.06
-5356.075
-6698.441
-6325.069
-5207.184
-6702.945
-4474.887
-6327.292
-11082.257
-7103.13
-2705.838
-5177.302
-4905.06
-6698.441
-4656.886
-8608.157
-4009.571
-4905.06
-4921.492
-6939.436
-4921.492
0.0
-3885.287
-4179.456
-6327.292
-4366.163
-4366.163
-3356.227
-3715.078
-4179.456
-11653.579
-8434.368
-5012.886
-4009.571
-6327.292
-4203.287
-6327.292
-3388.248
-8608.157
-4111.7
-3534.53
-3169.794
-8434.368
-8434.368
-3013.363
-7217.526
-4203.287
-3885.287
-2705.838
-3194.518
-5012.886
-3829.946
-2922.156
-6223.195
-4207.864
-2823.276
-3557.138
-3810.955
-3810.955
0.0
-5377.328
-5177.302
-5012.886
-3447.437
-6327.292
-6566.151
-4111.7
-4921.492
-5012.886
-3447.437
-7217.526
-5377.328
-3575.607
-5177.302
-3676.14
-3891.397
-3975.965
-6327.292
-4921.492
-6076.746
-3931.676
-2835.133
-6702.945
-6239.979
-3212.485
-4608.136
-5177.302
-4310.632
-3931.676
-3891.397
-3931.676
0.0
-6076.746
-4365.666
-3608.332
-5135.477
-6076.746
-5177.302
-3931.676
-3931.676
-4009.571
-6566.151
0.0
0.0
-3534.53
0.0
-6223.195
-3560.543
-5859.069
-4207.864
-3226.558
-5177.302
-3931.676
-3891.397
-3575.607
-3194.518
-4186.643
-7217.526
-3575.607
-3194.518
-3931.676
-4207.864
-4009.571
-3386.689
-4365.666
-4522.706
-4921.492
-2975.296
-4186.643
-2811.443
-6325.069
-3891.397
-3931.676
-4365.666
-4009.571
-3608.332
-3885.287
-4522.706
-4186.643
-5701.059
0.0
-5135.477
-5177.302
-4365.666
-4203.287
-5177.302
-3226.558
-2890.772
-3931.676
-3715.078
-6325.069
-3557.138
-4732.682
-6076.746
-3613.929
-3212.485
-2823.276
-3027.674
-3613.929
-6325.069
-3435.122
-3792.17
-4310.632
-5012.886
-3931.676
-4270.116
-4905.06
-3931.676
-4310.632
-4009.571
-4270.116
-4921.492
-6566.151
-5429.973
-4186.643
-4310.632
-4365.666
-4365.666
-4561.725
-5859.069
-4009.571
-4365.666
-4905.06
-4921.492
-4608.136
-3534.53
-5177.302
-3271.704
-4365.666
-3432.043
-4921.492
-3575.607
-4186.643
-3169.794
0.0
-6325.069
-3271.704
-3810.955
-4656.886
-3463.851
-6566.151
-5859.069
-3388.248
-6325.069
0.0
-4905.06
-4186.643
-3613.929
-2884.059
-4310.632
-3226.558
-3542.688
-5135.477
-3648.247
-3271.704
-4270.116
-4365.666
-3931.676
-6566.151
-3648.247
-3169.794
-3271.704
-5135.477
-4237.28
-4921.492
-4237.28
-3388.248
-3447.437
-3721.676
-4246.453
-3613.929
-3535.783
-4365.666
-5135.477
-6076.746
-6566.151
-6076.746
-5859.069
-4608.136
-3535.783
-5177.302
-5177.302
-3931.676
-3542.688
-4732.682
0.0
-5177.302
-3931.676
-4009.591
-4009.571
-3435.122
-4732.682
-3931.676
-4921.492
-5429.973
-3608.332
-4365.666
-5135.477
-4237.28
-6566.151
-3715.078
-3542.688
-3432.043
-5859.069
-4365.666
-3931.676
-5135.477
-4921.492
-6076.746
-3931.676
-5012.886
-3542.688
-4921.492
-2900.191
-4186.643
-2782.321
-5135.477
-2826.094
-3648.247
-3151.72
-5701.059
-5135.477
-5135.477
-4777.696
-3648.247
-6325.069
-4009.571
-5429.973
-5135.477
-4921.492
-4921.492
-3542.688
-3727.471
-4921.492
-5177.302
-4287.439
-4365.666
-3542.688
-3721.676
-4246.453
-2627.593
-3613.929
-4921.492
-5859.069
-4186.643
-4186.643
-3715.078
-5135.477
-4522.706
-3613.929
-3613.929
-2884.059
-3542.688
-4921.492
-3217.657
-3451.5
-6566.151
-4921.492
-3931.676
-3462.864
-4365.666
0.0
-4732.682
-3575.607
-3598.449
-3021.556
-3599.894
-4777.696
0.0
-3511.696
-3581.43
-3598.449
-3931.676
-3542.688
-4522.706
-4561.725
-4777.696
-3931.676
-3931.676
-3931.676
-4009.591
-4522.706
-4777.696
-3613.929
-3648.247
-3931.676
-2823.276
-3613.929
-3581.43
-3226.558
-3462.864
-5026.522
-3542.688
-4246.453
-3575.607
-3613.929
-3598.449
-3462.864
-3931.676
-5701.059
-4365.666
-3715.078
-3721.676
-3598.449
-3931.676
-4365.666
-4365.666
-4365.666
-3721.676
-5859.069
-2900.191
-4365.666
-4921.492
-4777.696
-4375.987
-2884.059
-3315.04
-3931.676
-4246.453
-3217.657
-4732.682
-4509.745
-6566.151
0.0
-3931.676
-3931.676
-4009.591
-4509.745
-4921.492
-2826.094
-3648.247
-4246.453
-3563.259
-6566.151
-4365.666
-4246.453
-3931.676
-6325.069
-4270.116
-4246.453
-3634.729
-3315.04
-4375.987
-6325.069
-4365.666
-4921.492
-4186.643
-4009.591
-4186.643
-3535.783
-4365.666
-5135.477
-3682.539
-4246.453
-4246.453
-2900.191
-3511.696
-4246.453
-4522.706
-4561.725
-3727.471
-4509.745
0.0
-3594.531
-3073.504
-3563.259
-4009.591
-4777.696
-3931.676
-4365.666
-3931.676
-3599.894
-5859.069
-4777.696
-3594.531
-4246.453
-4375.987
-3855.101
-4522.706
0.0
-3073.504
-3542.688
-4561.725
0.0
-3451.5
-4365.666
-3608.332
-4732.682
-3648.247
0.0
-3217.657
-4522.706
-3634.729
-4246.453
-3931.676
-4365.666
-3463.851
0.0
-2826.094
-3648.247
-3931.676
-3599.894
-4246.453
-3598.449
-3931.676
-3041.194
-4365.666
-3146.554
-3146.554
-3648.247
-4246.453
-2811.443
-3931.676
-3563.259
0.0
-5135.477
-3721.676
0.0
-4777.696
0.0
-4246.453
-6325.069
-4237.28
-3594.531
0.0
-3648.247
-4522.706
-4921.492
-4509.745
-3648.247
-4375.987
-3271.704
-3931.676
-4522.706
-4522.706
-4246.453
-3594.367
-3931.676
-4009.571
-3714.641
-4365.666
-4365.666
-4509.745
-3400.151
-3260.28
-3041.194
-3931.676
-4306.754
-4522.706
-6566.151
-3598.449
-3151.72
-6325.069
-5026.522
-3648.247
-4246.453
-3648.247
-4246.453
-3073.504
-5135.477
-4246.453
-3073.504
-3073.504
-3931.676
-4522.706
-3648.247
-3682.539
-3594.531
-3090.892
-3594.531
-3648.247
-3855.101
-4365.666
-3682.539
-4246.453
-4246.453
-3511.696
-3931.676
-3434.748
-4246.453
-4246.453
-4522.706
-4246.453
-3931.676
-3689.797
-3260.28
-3260.28
-4009.591
-3542.688
-4198.14
-3648.247
-4375.987
-4365.666
-3146.554
-3594.531
-4198.14
-6325.069
-3090.892
0.0
-3451.5
-5026.522
-3714.641
-4365.666
-5026.522
-4365.666
-3594.531
-3598.449
-3217.657
-5026.522
-5026.522
-3721.676
-3375.91
-6325.069
-3682.539
-3689.797
-3689.797
-4375.987
-3682.539
-3727.471
-4509.745
-4246.453
-3015.204
-4198.14
-3689.797
-4375.987
-3315.04
-3931.676
-4365.666
-6325.069
-3682.539
-4306.754
-3648.247
-4246.453
-2628.951
-3931.676
-3656.45
-4246.453
-4246.453
-4375.987
-4365.666
-4522.706
-3721.676
-4246.453
-4198.14
-4246.453
-3462.864
-4149.754
-3682.539
-2748.504
-4921.492
-4246.453
-3416.259
-3434.748
-3714.641
-4246.453
-3217.657
-4365.666
-3855.101
-3721.676
-3721.676
-4246.453
-4246.453
-4375.987
-3682.539
-4522.706
-3721.676
-3400.151
-4198.14
-4246.453
-3589.87
-3855.101
-3714.641
-4246.453
-3146.554
-4198.14
0.0
-4365.666
-4246.453
-3689.797
-3689.797
-3451.5
-4365.666
-3416.259
-3594.531
-4246.453
-3055.862
-3714.641
-4198.14
-4198.14
-4777.696
-4375.987
-3931.676
-3783.757
-5135.477
-4198.14
-4246.453
-3073.504
-4365.666
-3416.259
-3783.757
-4198.14
-2748.504
-3689.797
-2811.443
-3689.797
-3682.539
-4149.754
-4149.754
-3400.151
-4246.453
-3689.797
-3689.797
-3689.797
-3689.797
-3640.016
-4149.754
-3416.259
-3400.151
-4198.14
-4198.14
-3015.204
-3689.797
-3689.797
-3598.449
-4365.666
-5026.522
-3115.603
-4198.14
-4246.453
-4365.666
-3721.676
-3032.257
-4198.14
-3689.797
-2903.295
-4198.14
-3684.662
-3055.862
-4246.453
-4375.987
-3589.87
-3640.016
-3714.641
-4921.492
-3689.797
-4246.453
-3689.797
-4009.571
-3714.641
-4509.745
-3400.151
-4246.453
-4375.987
-2796.527
-6325.069
-3599.894
-5135.477
-4246.453
-3015.204
-4246.453
-4246.453
-3689.797
-3689.797
-3689.797
-3931.676
-5135.477
-4921.492
-4921.492
-4921.492
-3648.247
-3648.247
-4246.453
-2811.443
0.0
-4246.453
-3689.797
-4375.987
-6325.069
-6325.069
-5135.477
-3727.471
-4198.14
-3689.797
-3400.151
-3594.367
-4246.453
-4306.754
-4365.666
-3783.757
-3594.531
-4198.14
-3682.539
-6325.069
-3682.539
-3245.286
-3826.006
-4306.754
-4306.754
-5135.477
-4198.14
-3400.151
-4246.453
-4191.264
-3689.797
-3754.248
-4246.453
-3471.555
-3471.555
-4246.453
-4246.453
-2796.527
-3826.006
-4365.666
-3783.757
-4191.264
0.0
-3589.87
-4306.754
-4306.754
-3682.539
-4246.453
-3826.006
-6325.069
-6325.069
-3682.539
-3682.539
-3714.641
-3714.641
0.0
-4246.453
-3172.156
-3682.539
-3763.347
-4191.264
-3931.676
-6325.069
-3783.757
-3763.347
-3689.797
-3689.797
-3754.248
-3682.539
-3682.539
-5135.477
-4246.453
-4198.14
-3682.539
-3286.26
-3783.757
-5135.477
-3015.204
-3689.797
-4365.666
-3617.123
-3721.676
-4246.453
-3640.016
-3682.539
-4365.666
-3617.123
-4191.264
-4246.453
-3931.676
-6325.069
-4246.453
-4198.14
0.0
-3689.797
-3689.797
-4365.666
-3416.259
-5135.477
-2627.228
-3689.797
-6325.069
-3640.016
-4246.453
-4375.987
-4365.666
-5135.477
-4246.453
-4246.453
-3689.797
-4198.14
0.0
0.0
-3826.006
-3682.539
-3684.662
-3640.016
-4365.666
-6325.069
-5135.477
-3721.676
-3689.797
0.0
-3689.797
-3689.797
-4365.666
-3434.748
-4198.14
-3471.555
-4365.666
-4365.666
-3682.539
-3684.662
-4246.453
-3471.555
-4246.453
-3689.797
-3589.87
-4365.666
-3682.539
-5135.477
0.0
-4246.453
-3074.144
-3032.257
-3882.471
-4246.453
-3826.006
-4365.666
-3721.676
-3721.676
-3721.676
-3594.531
-3333.518
-2620.306
-3640.016
-3684.662
-4246.453
-3684.662
-4198.14
-3826.006
-3754.248
-4246.453
-4198.14
-4246.453
-3689.797
-3931.676
-4246.453
-3689.797
-3826.006
-5135.477
-4306.754
-4306.754
-4246.453
-4246.453
-3074.144
-3689.797
-3041.194
-3689.797
-3783.757
-4191.264
-3689.797
-3754.248
-3689.797
-3073.504
-4305.761
-5135.477
-3172.156
0.0
-3124.449
-3689.797
-3931.676
-3124.449
-3689.797
-4365.666
-4149.754
-5135.477
-3684.662
-3189.468
-3826.006
-3689.797
-3589.87
-3754.248
-3826.006
-3617.123
-3783.757
-3594.367
-3684.662
-3684.662
-4246.453
-3762.225
-3689.797
-3245.286
-2909.796
-3252.829
-3882.471
-4365.666
-3682.539
-4246.453
-3439.735
-3689.797
-3754.248
-3640.016
-4365.666
-4365.666
-4365.666
-3826.006
-3682.539
-3594.531
-3882.471
-4198.14
-3617.123
-3015.204
-3689.797
-3689.797
-3689.797
-3754.248
-3684.662
-3754.248
-3124.449
-3754.248
-4365.666
-3682.539
-2777.159
-3721.676
-3754.248
-3826.006
-4365.666
-3189.468
-3689.797
-3826.006
-4306.754
-3682.539
-3684.662
-3074.144
-4246.453
-4365.666
-3286.26
-3721.676
-3721.676
-3763.347
-3721.676
-3149.263
-3074.144
-4246.453
0.0
-2738.725
-3826.006
0.0
-3682.539
-3721.676
-3041.194
-4365.666
-3826.006
-4246.453
0.0
-5135.477
-3684.662
-4246.453
-3689.797
-3826.006
-3826.006
-3617.123
-4246.453
-4246.453
-5135.477
-3882.471
-2627.228
-3762.225
-3754.248
-4246.453
-3471.555
-3754.248
-3689.797
-4365.666
-4246.453
-2738.725
-3826.006
-4365.666
-3721.676
-3439.735
-3431.871
-3882.471
-3882.471
-3431.871
-3915.128
-4011.454
-3882.471
-3431.871
-4246.453
-4246.453
0.0
0.0
-3754.248
-3124.449
-3882.471
-3189.468
-3689.797
0.0
-4306.754
0.0
-3252.829
-4246.453
-4246.453
-3762.225
-4365.666
-4365.666
-3783.757
-4246.453
-3721.676
0.0
-3826.006
-5135.477
-3471.555
-3124.449
-4011.454
-3682.539
-3689.797
-3149.263
-3826.006
-3826.006
-3826.006
-4365.666
-3721.676
-3826.006
-3826.006
0.0
-3783.757
-3682.539
-3149.263
-4246.453
-3762.225
-3826.006
-4365.666
-3684.662
-4246.453
-3826.006
-4365.666
-3721.676
-3763.347
-4246.453
-3882.471
-3360.108
-2627.228
-2627.228
-4305.761
-4912.733
-3783.757
-4246.453
-4246.453
-3806.886
-3763.347
-3763.347
-3882.471
-4246.453
-4246.453
-3721.676
0.0
-3806.886
-3826.006
-4365.666
-3882.471
-4306.754
-3393.404
-3393.404
-5135.477
-3721.676
-3689.797
-4365.666
-3225.699
-3806.886
-3689.797
0.0
0.0
-4912.733
-3882.471
-3721.676
-3684.662
-3763.347
-3689.797
-3762.225
-3915.128
-3684.662
-3721.676
-3032.257
-3826.006
0.0
-4305.761
0.0
-3439.735
-3393.404
-3763.347
-3882.471
-3225.699
-3689.797
-3271.15
-3721.676
-3721.676
-4246.453
-4365.666
-3763.347
-3763.347
-3806.886
-4246.453
-3689.797
-4365.666
-3783.757
-4246.453
-3882.471
-4365.666
-3682.539
-3721.676
-3826.006
-4365.666
-2916.026
0.0
-3689.797
-4305.761
-4365.666
0.0
-3783.757
-4246.453
-4246.453
-4306.754
-2823.859
-3721.676
-3682.539
-3763.347
-4246.453
-2627.228
-4246.453
-3689.797
-4365.666
-3617.123
-4246.453
-4246.453
-4246.453
-3471.555
-3806.886
-3806.886
-4011.454
-4246.453
-4011.454
-4246.453
-3806.886
-3826.006
-4305.761
-3721.676
-3721.676
-4246.453
-4246.453
-2627.228
-4099.934
-2916.026
-3763.347
-3763.347
-4246.453
-3882.471
-4246.453
-3300.346
-3806.886
-3806.886
-4365.666
-3106.609
-2627.228
-3763.347
-4246.453
0.0
-3762.225
-4246.453
-3439.735
-3431.871
0.0
-3230.59
-4246.453
-4246.453
-4246.453
-3987.927
-4365.666
-4246.453
-4246.453
0.0
-4365.666
-3763.347
-3763.347
-3393.489
-4246.453
-4246.453
-3364.072
-3689.797
-3882.471
-3882.471
-4246.453
-3225.699
-3271.15
-3271.15
-3806.886
-2909.627
-3826.006
0.0
-3439.735
-4246.453
-3689.797
-4365.666
-3393.404
-3826.006
-4365.666
-4011.454
-3149.263
-3882.471
-3763.347
-2909.796
0.0
-3021.514
-3763.347
-4365.666
-4365.666
-3229.857
-3393.489
-3271.15
-3360.108
-3763.347
-3393.489
0.0
-3300.346
-4365.666
-3826.006
-4246.453
-3763.347
-3393.489
0.0
-3826.006
-4099.934
-4365.666
-4246.453
-4246.453
-3826.006
-3826.006
-3783.757
-3826.006
-4365.666
-4011.454
0.0
-3046.833
-3280.271
-4246.453
-3271.15
-2689.007
-3826.006
-3682.539
-3806.886
-3826.006
0.0
-3783.757
-2636.427
-3763.347
-2698.436
0.0
-3501.754
-3271.15
-3682.539
0.0
-3718.384
-3826.006
-3826.006
-2909.796
-4246.453
-3364.072
-2676.281
-2834.054
-3826.006
-3230.59
-3364.072
-3935.478
-3682.539
-3763.347
-4246.453
-4246.453
-4365.666
-3763.347
-4246.453
-2834.054
-3806.886
-3241.685
-4246.453
-3763.347
-3501.754
-3501.754
-4365.666
-3763.347
-4365.666
-3718.384
-4246.453
-2786.745
-3364.072
-2909.796
-4246.453
-3806.886
-3021.514
-3149.263
-3364.072
-4011.454
-2843.87
0.0
-2944.091
-3501.754
-3806.886
-3806.886
-3806.886
-3783.757
-3271.15
-3271.15
-3826.006
-2786.745
-3806.886
-2832.992
-4011.454
-3046.833
-3718.384
-3806.886
-2786.745
-3364.072
-2746.773
-4011.454
0.0
-3763.347
-2738.725
-4365.666
-4011.454
-3763.347
-3360.108
-3987.927
-4246.453
-3806.886
-4365.666
0.0
-3718.384
-3280.271
-3806.886
-2832.992
-3763.347
-3763.347
-3364.072
-4365.666
0.0
-3718.384
-3271.15
-4011.454
-4011.454
-3935.478
-3364.072
-3806.886
-3225.699
0.0
-3806.886
-4365.666
-4011.454
-3763.347
-3763.347
-4246.453
-4365.666
-3826.006
0.0
-3763.347
-3763.347
0.0
-3280.271
-4246.453
-4011.454
-3351.204
-3806.886
-3806.886
-3324.469
-3127.066
-3021.514
-3987.927
-3230.59
-3386.273
-3364.072
0.0
-4246.453
-3935.478
-4099.934
-3097.696
-4246.453
-3273.952
-4246.453
-3806.886
-3351.077
-3364.072
-3806.886
-4064.726
-3806.886
-3826.006
-3229.857
-2834.054
-3806.886
-3158.411
-3097.696
-3041.959
-3046.833
-3501.754
-4064.726
-4064.726
-4011.454
-4011.454
-3682.539
-3718.384
-3351.204
-3249.016
-3763.347
-3501.754
-3046.833
-4246.453
-3158.411
-3241.685
-3097.696
-3935.478
-3230.59
-4011.454
-4011.454
-3501.754
-3238.715
-4011.454
-3718.384
-3718.384
-3351.204
-3364.072
-3364.072
-2944.091
-3501.754
-3225.699
-3225.699
-3806.886
-4011.454
-2925.74
-3386.273
-2890.003
-3806.886
-3012.357
-3987.927
-3241.685
-3230.59
-2832.992
-3249.016
0.0
0.0
-3729.443
-3806.886
-3987.927
-2843.87
-4011.454
-3386.273
-2890.003
-2834.054
-2834.054
-3806.886
-4011.454
-3288.181
-2843.87
-4011.454
-4011.454
-2944.091
-3364.072
-3324.469
-3806.886
-4064.726
-3386.273
-4246.453
-3806.886
-4011.454
-3963.768
-4011.454
-2823.859
-3501.754
-3280.271
-3806.886
-3806.886
-3806.886
-3806.886
-4246.453
-3806.886
-3718.384
-4246.453
-2834.054
-3806.886
-3097.696
-3718.384
-3718.384
-3718.384
-2834.054
-3806.886
-3987.927
-3268.124
-3763.347
0.0
-4246.453
-4246.453
-3791.094
-2890.003
-4246.453
-3351.077
-3241.685
-3324.469
-3806.886
-3987.927
-2916.026
-3097.696
-3963.768
-3273.952
-3501.754
-3806.886
-3729.443
-3351.077
-3806.886
-3238.715
-2916.026
-3718.384
-3806.886
-3351.077
-2832.992
-3806.886
-2843.87
-3718.384
-2918.604
-3364.072
-3806.886
0.0
-3701.951
-3978.378
-3978.378
-3386.273
-3273.952
-3325.48
-2738.725
-3806.886
-3806.886
-3806.886
-3806.886
-3097.696
-3273.952
-3135.485
-3386.273
-3718.384
-2890.003
-4246.453
-4246.453
-3791.094
-3806.886
-3351.077
-4011.454
-3325.48
-4246.453
-3806.886
-3806.886
-2698.436
-3351.077
-4246.453
-3806.886
-3012.357
-3806.886
-3935.478
-3763.347
-2698.436
-3351.077
-3701.951
-3978.378
-3386.273
-3763.347
-3701.951
-4011.454
-3386.273
-3325.48
-3806.886
-3978.378
0.0
-3987.927
-3241.685
-3135.485
-4011.454
-3718.384
0.0
-3806.886
-3097.696
-3273.952
-4246.453
-3806.886
-3733.531
-2579.646
-3324.469
-3386.273
-3791.094
-3374.693
-3806.886
-3806.886
-3241.685
-3806.886
-3385.051
-3806.886
-3386.273
-3733.531
-3220.355
-3806.886
-4011.454
-3273.952
-3763.347
-3806.886
-3806.886
-4246.453
-3987.927
-3806.886
-3806.886
-3806.886
-3806.886
-3806.886
-3238.715
-3806.886
-3135.485
-4011.454
-2943.249
-3806.886
-3012.357
-3385.051
-3806.886
-3978.378
-3498.332
-3351.077
-3806.886
-2579.646
-3220.355
-3718.384
-4246.453
-4246.453
-3806.886
0.0
-3791.094
-3701.951
-3288.181
-3324.469
-3987.927
-3238.715
-4011.454
-3501.754
-2629.245
-4011.454
-3806.886
-3806.886
-3987.927
-3987.927
-4011.454
-3351.204
-3718.384
-3501.754
-3557.426
-3012.357
-3012.357
-3158.411
-3978.378
-4011.454
-3763.347
-3791.094
-3791.094
-3791.094
-3806.886
-3351.077
-3238.715
-4011.454
-3374.693
-3806.886
-3238.715
-2786.745
-3806.886
-3763.347
-2697.575
-3987.927
-3386.273
-3273.952
-4246.453
-4011.454
-3268.124
-3806.886
-4011.454
-3268.124
-3498.332
-3791.094
-3031.902
-3987.927
-3907.853
-3806.886
-3031.902
-3987.927
-4011.454
-3718.384
-3031.902
-3127.066
-2891.844
-3718.384
-3351.077
-3220.355
-3498.332
-3791.094
-3806.886
-3031.902
-4011.454
-3718.384
-3557.426
0.0
-3374.693
-3288.181
-3806.886
-3763.347
-3791.094
-3806.886
-3351.077
-3241.685
-3158.411
-2925.74
-3907.853
-4011.454
-4011.454
-3273.952
-3273.952
-3791.094
-3791.094
-2896.141
-3806.886
-3733.531
-3806.886
-3385.051
-3763.347
-3718.384
-3498.332
-3273.952
-3806.886
-3385.051
-3273.952
-3557.426
-3791.094
-3806.886
0.0
-3127.066
-3386.273
-3273.952
-2918.604
-3987.927
-3806.886
-3806.886
-3220.355
-4011.454
-4011.454
-4011.454
-3733.531
-3385.051
-3718.384
-2896.141
-3729.443
-3806.886
-3806.886
-3806.886
-3987.927
-3718.384
-3806.886
-3987.927
-3091.298
-2840.468
-3135.485
-3806.886
0.0
-4011.454
-4011.454
-3806.886
-2832.992
-3091.298
-3791.094
-3806.886
-3907.853
-3386.273
-3557.426
-3806.886
-3806.886
-4011.454
-3325.48
-3806.886
-2953.71
-3806.886
-2943.249
-2909.598
-2969.254
-3127.066
-4011.454
-3718.384
-3806.886
-3806.886
-3806.886
-3978.378
-3273.952
0.0
-3806.886
-3385.051
-3806.886
-4011.454
-3718.384
-3806.886
-3806.886
-3238.715
-4011.454
-3273.952
-3718.384
-3806.886
-3135.485
-3385.051
-3653.274
-3775.035
-3806.886
-3521.803
0.0
-3091.298
-3783.528
-3806.886
-3806.886
-3775.035
-3733.531
-3806.886
-3907.853
-3907.853
-3791.094
-3806.886
-3806.886
-3091.298
-4011.454
-3733.531
0.0
-3273.952
-2579.646
-3783.528
-3091.234
-3718.384
-3344.527
-3325.48
-3987.927
-3806.886
-3806.886
-3987.927
-3091.298
-3273.952
-3806.001
-3806.886
-3806.886
-3241.685
-3806.886
-3806.886
-2896.141
-3653.274
-3806.886
-3708.061
-3806.886
-3987.927
-3806.886
-3220.355
-3806.886
-4011.454
-3344.527
-3031.902
-4011.454
-4011.454
-3196.459
-3806.001
-3806.886
-3806.886
-3775.035
-3806.886
-3987.927
-3798.114
-3806.886
-3708.061
-3708.061
-3220.355
-3220.355
-4011.454
-3806.886
-3344.527
-3273.952
-3806.886
-3806.886
-3806.886
-3806.886
-3039.09
-3907.853
-2605.564
-3806.001
-3806.886
-3791.094
-3806.886
-3806.886
-3987.927
-3987.927
-3907.853
-3791.094
-3806.886
-3806.886
-3521.803
-4011.454
-4011.454
-3806.886
-3806.886
-2735.114
-3806.886
-3806.886
-3806.886
-3806.886
-3806.886
-3791.094
-3220.355
-4011.454
-3061.968
-3718.384
-2697.575
-3806.886
-3798.114
-3385.084
-3385.084
-3806.886
-3806.886
-2945.742
-3907.853
-3268.124
0.0
-3806.886
-4011.454
-3385.051
-3806.886
-3806.886
-3806.886
-3806.886
-3806.886
-2945.742
-3806.886
-2840.468
-4011.454
-3806.886
-3806.886
-3196.459
0.0
-3806.886
-3806.886
-3806.886
-4011.454
-3806.886
-3806.886
-3806.886
-3806.886
-3806.886
-3806.886
-3344.527
-3806.886
-3806.886
-3806.886
-3385.084
-2945.742
-4011.454
-3806.886
-3791.094
-3806.886
-3987.927
-2896.147
-3806.886
-3806.886
-3791.094
-3806.886
-4011.454
-3907.853
-2909.598
-3594.095
-3806.886
-3791.094
-3091.298
-3806.886
-2605.564
-3806.886
-3806.886
-3806.886
-3597.924
-4011.454
-3806.886
-3806.886
-3806.886
-3806.886
-3806.886
-3806.886
-4011.454
-3806.886
-3806.886
-3791.094
-3806.886
-3806.886
-3806.886
-3521.803
-4011.454
-3061.968
-3061.968
-4011.454
-4011.454
-3791.094
-3521.803
-3806.886
-3806.886
-3791.094
-3521.803
-4011.454
-4011.454
-3061.968
-3783.528
-3806.886
-3806.886
-3806.886
-3039.09
-4011.454
-4011.454
-4011.454
-3273.952
-3806.886
-3806.886
-4011.454
-3806.886
-3806.886
-3806.886
-3139.859
-4011.454
-4011.454
-2896.141
-3806.886
-3806.886
-3987.927
-3285.174
-4011.454
-3806.886
-3806.886
-3273.952
-3806.886
-3791.094
-3806.886
-2896.147
-4011.454
-3791.094
-3806.886
-3545.065
-3806.886
-3806.886
-3798.114
-3806.886
-3545.065
-4011.454
-4011.454
-3806.886
-3791.094
-3791.094
-3385.084
-3806.886
-3791.094
-3791.094
-3806.886
-3545.065
-2554.87
-4011.454
-4011.454
-3791.094
-3545.065
-3806.886
-3791.094
-3806.886
-3806.886
-4011.454
-2735.114
-4011.454
-3344.527
-3791.094
-3806.886
-3273.952
-3273.952
-3806.886
-3806.886
-3798.114
-3806.886
-4011.454
-3907.853
-4011.454
-4011.454
-3806.886
-3806.886
-2969.254
-3806.886
-4011.454
-4011.454
-3558.547
-3806.886
-3806.886
-3806.886
-4011.454
-3746.159
-3806.886
-2909.598
-4011.454
-3907.853
-4011.454
-3806.886
-3806.886
-3806.886
-3806.886
-3806.886
-3806.886
-3333.179
-4011.454
-4011.454
-2484.837
-2840.468
-4011.454
-3806.886
-3806.886
-3791.094
-3545.065
-3806.886
-3806.886
-2945.742
-4011.454
-3806.886
-3594.095
-4011.454
-2896.141
-3594.095
-3597.924
-3791.094
-4011.454
-3273.952
-3806.886
-3806.886
-3806.886
-3806.886
-3385.084
-3545.065
-3806.886
-4011.454
-4011.454
-4011.454
-2719.963
-3558.547
-3806.886
-3907.853
-2896.141
-3806.886
-3806.886
-4011.454
-4011.454
-3273.952
-3545.065
-4011.454
-3907.853
-4011.454
-4011.454
-4011.454
-3653.274
-3806.886
-3806.886
-4011.454
-2995.974
-4011.454
-4011.454
-4011.454
-3806.886
-3806.886
-2649.111
-3791.094
-3385.051
-3791.094
-4011.454
-3806.886
-3907.853
-3806.886
-3806.886
-4011.454
0.0
-4011.454
-4011.454
-4011.454
-3907.853
-3594.095
-3791.094
-3806.886
-3791.094
-2368.758
-4011.454
-3907.853
-3806.886
-3806.886
-3545.065
-3806.886
-3384.029
-4011.454
-3273.952
-3273.952
-3806.886
-4011.454
-4011.454
-3746.159
-3791.094
-4011.454
-3273.952
-3806.886
-3806.886
-3791.094
-3806.886
-2995.974
-4011.454
-3534.981
-3907.853
-3273.952
-3806.886
-3791.094
-3806.886
-3806.886
-4011.454
0.0
-3806.886
-3806.886
-3273.952
-3806.886
-3594.095
-3806.886
-4011.454
-4011.454
-3526.712
-3526.712
-3791.094
-3558.547
-3806.886
-3273.952
-3333.179
-3806.886
-4011.454
-4011.454
-3746.159
-3806.886
-3806.886
-3806.886
-3545.065
-3896.265
-3572.318
-3806.886
-3273.952
-3791.094
-3806.886
-4011.454
-4011.454
-3746.159
-3806.886
-3806.886
-3806.886
-2579.456
-4011.454
-3534.981
-4011.454
-3907.853
-3791.094
-3726.507
-3806.886
-3806.886
-3806.886
-4011.454
-3806.886
-4011.454
-4011.454
-4011.454
-3907.853
-3746.159
-3746.159
-3806.886
-3726.507
-3806.886
-4011.454
-3806.886
-3806.886
-3746.159
-3806.886
-2579.456
-3806.886
-3791.094
-3791.094
-3333.179
-3806.886
-4011.454
-4011.454
-4011.454
-3907.853
-3594.095
-3273.952
-2896.141
-3746.159
-3806.886
-3806.886
-3806.886
-3273.952
-3806.886
-3430.801
-3806.886
-4011.454
-4011.454
-2995.974
0.0
-3572.318
-3594.095
-3791.094
-3545.065
-4011.454
-4011.454
-3746.159
-3791.094
-3806.886
-4011.454
-4011.454
-4011.454
-3791.094
-3806.886
-3806.886
-3806.886
-3806.886
-3545.065
-3333.179
-3907.853
-3534.981
-3907.853
-3806.886
-3806.886
-3333.179
-3907.853
-3572.318
-3078.444
-3791.094
-3806.886
-3907.909
-4011.454
-3806.886
-3791.094
-3273.952
-3526.712
-3545.065
-3545.065
-3806.886
-4011.454
-3526.712
-3273.952
-3791.094
-3545.065
-3806.886
-3907.909
-3907.853
-4011.454
-3078.444
-3806.886
-4011.454
-4011.454
-3871.791
-3746.159
-3273.952
-3791.094
-4011.454
-4011.454
-3526.712
-3806.886
-3806.886
-3806.886
-3806.886
-4011.454
-3806.886
-3545.065
-3078.444
-3545.065
-4011.454
-3907.853
-2691.588
-3806.886
-3746.159
-3806.886
-3791.094
-3545.065
-4011.454
-4011.454
-4011.454
-3545.065
-4011.454
-3545.065
-4011.454
-4011.454
-3057.546
-2837.34
-2419.976
-3273.952
-3526.712
-3273.952
-2380.188
-3594.095
-3806.886
-3273.952
-3594.095
-3806.886
-3806.886
-3558.547
-3806.886
-3597.924
-2368.758
-3791.094
-3545.065
-3545.065
-3333.179
-3545.065
-3806.886
-4011.454
-3806.886
-3806.886
-4011.454
-2484.837
-4011.454
-3039.09
-4011.454
-4011.454
-4011.454
-4011.454
-3721.676
-3271.15
-3791.094
-3682.539
-3721.676
-3689.797
-3791.094
-3682.539
-2820.596
-3721.676
-4777.696
-4011.454
-3682.539
-3526.712
-3718.384
0.0
-6698.441
-3726.507
-3806.886
-4365.666
-7217.526
-12701.835
-3315.04
-3689.797
-3238.715
-3031.902
-6939.436
-3806.886
-3806.886
-3682.539
-5356.075
-3806.886
0.0
-3689.797
-3806.886
-3826.006
-4246.453
-3806.886
-5973.6
-4285.31
-6059.434
-4011.454
-3806.886
-4769.751
-3826.006
-4246.453
-3783.757
-3798.114
-4246.453
-3826.006
-4011.454
-3975.965
-4246.453
-2918.604
-3783.757
-4522.706
-3684.662
-3364.072
-3806.886
-3975.965
-3594.095
-8608.157
-2698.436
-3655.345
-4306.754
-3806.886
-3360.108
-4305.761
-3375.91
-3806.886
-3931.676
-4656.886
-4198.14
-3931.676
-3931.676
-4732.682
-22672.217
-4509.745
-3220.355
-3907.853
-5026.522
-3806.886
-6566.151
-10508.883
-4011.454
-3763.347
-4246.453
-4905.06
-4191.264
-4246.453
-3882.471
-3791.094
-4246.453
-3169.794
-3806.886
-3806.886
-3806.886
-3806.886
-3689.797
-3806.886
-3931.676
-5177.302
-3806.886
-3689.797
-3806.886
-4011.454
-4365.666
-3806.886
-4011.454
-4365.666
-3715.078
-3907.909
-4011.454
-6702.945
-5135.477
