10.0
10.0
10.0
10.0
10.0
10.0
10.0
10.0
10.0
10.0
0.8559511992073413
10.0
10.0
10.0
10.0
10.0
10.0
10.0
0.8515038946597063
10.0
10.0
10.0
10.0
0.8411133952100682
10.0
10.0
0.8546516577917775
0.8460919234480595
10.0
10.0
10.0
10.0
10.0
0.8326940049496001
10.0
0.8419433695509344
10.0
0.8495382927342368
0.8193082983479943
0.8216905932239482
0.8433145725131814
10.0
10.0
10.0
10.0
0.8181289360367413
0.8264708829436581
10.0
10.0
0.8032732819940711
0.8136119567679803
10.0
10.0
10.0
0.8235248180072732
10.0
10.0
0.8303465712761159
0.777046631071804
0.7862444337207716
0.8405226534508351
0.8025367794871333
0.8342729443232708
0.805929917742979
0.7578175128244371
10.0
10.0
10.0
0.8082667401496274
0.8124541330907326
0.7804735883498044
10.0
0.7834836247342426
10.0
0.7933874115271056
0.7900459538551747
0.8160393561964953
0.801308041309612
0.7566853157578644
10.0
0.7698016902809711
0.7992288059669403
0.7344991321712352
0.7530223080702918
0.7722895390576879
0.7395068119085336
0.759368071948358
0.8113899851318395
0.7097242214206254
10.0
0.7951172104930949
0.7428580924460199
0.7744759488282952
0.7362467930602258
0.7469488071779882
0.7887339261440858
10.0
0.731232136603045
0.7639354238195833
0.6624427766335431
0.7114402972741183
0.7148590611002648
0.8382327292017134
0.7553392638397268
0.7322988130322663
0.7220261506603213
0.7291692004547635
0.776090742383725
0.67510267505158
0.7260571979430297
0.7086157981740348
10.0
0.7075898737044399
0.7173976158326503
0.6925552473258942
0.5966228146630266
0.7052646997020178
0.6683532667974122
0.6653200829560046
0.6017951789462059
0.724090892117777
0.6281241484224985
0.7203805403567745
0.6531656940817274
10.0
0.7277354348844038
0.6444299589851353
0.7017361206316531
0.7506998659168869
0.6806293269181178
0.6734563639404729
0.6522892781630723
0.703947863511839
0.6500788660947686
10.0
0.6425133037716138
0.6706229223914248
0.6370650447733983
0.6848313278676987
0.6995537740999311
0.6618599135407474
0.6471464234123904
0.6870291860884082
0.6787117458438865
0.651333050089064
0.6975295591588121
0.7419988127894243
0.6960229127811107
0.6411953840317995
0.6551222873788791
0.6891070646098446
0.6107649328546026
0.585447308456942
0.5942456049045282
0.6041742234116723
0.6386637392619577
0.6181372765223558
0.6082639470428043
0.5690486123978863
0.6122531331103407
0.6305596364707262
0.6224368589642202
0.6141140215261341
0.5915564814510855
0.5301136678161606
0.5530801109249475
0.5342984643013791
0.5565001153972201
0.6153507760751659
0.6601683568485888
0.5989442631146601
0.6203269166906988
0.5836283472622786
0.631253602848687
0.6348567336828113
0.5195365971959461
0.5897719952055538
0.5784787443850256
0.5447644078523207
0.5413359132481773
0.5428350648430382
0.5476609974005391
0.5321348567858317
0.510608839368441
0.5492764455246798
0.5816720465703453
0.5281771440869723
0.562175460746606
0.6242216609199454
0.5760373652184002
0.5713232116473747
0.5796846791515159
0.5174412631476453
0.48474043758629826
0.5245562668113732
0.5507660460950706
0.4800100286321921
0.4829679392103951
10.0
0.3437009275910819
0.5457617043330807
0.5075528094895633
0.5144571193628626
0.4759117253825661
0.4984601459644305
0.5368623048641202
0.5219183953655107
0.4503644404808686
0.5126326025415524
0.49575214716245597
0.4942490681119807
0.49783560505129837
0.4606663590108667
0.47933044253637414
0.44752610310465446
0.45861744460580045
0.46378971829695936
0.5090376452910266
0.42131463365374255
0.4593756219057053
0.4485890319473855
0.44649297606729754
0.4868169188275064
0.5543062308276252
0.44234455293941827
0.5013289647126076
0.5394003160010333
0.492196970638976
0.427026350416991
0.4130604789906422
0.46922068370543046
0.3370094297532479
0.4367193738155075
0.4568228223854551
0.4392683356124104
0.4329550842633613
0.40105488264427297
0.4530728014630802
0.42866146450173903
0.4897061921976647
0.41131015315446945
0.47329433037764185
0.5053168182343045
0.445817703911626
0.40746855802609316
0.41661391690448796
0.5203523935496354
0.4435238234954546
0.36365518627523485
0.36959035634546294
0.42392640591344033
0.4188400646312055
0.3996257458717244
0.34454345549054943
0.4006618530029209
0.35693117934017343
0.3885177611013508
0.3671763618483626
0.4662716927168611
0.3394170578977266
0.43385552314269865
0.29582096840256594
0.4027503890011431
0.43995288732715765
0.39653440319576494
0.30401168280084434
0.2930388696048397
0.3663120472579127
0.34651971547079047
0.3969242048307968
0.30923172858545683
0.33387871192274965
0.3018953076341072
0.31923986852118885
0.4160079794988026
0.17564456285110808
0.34239786263070243
0.20086199126744747
0.20703855887280825
0.3174105440444185
0.3826601456035564
0.28961105250098645
0.3084664857437299
0.4624670792323367
0.1794876253404687
0.2846290405847375
0.34086486791168663
0.28337731779769426
0.1748944679575704
0.24620335090801784
0.21041072174163203
0.2806289967611743
0.36252881335297676
0.46183838379471603
0.2918129309006527
0.1773480858684815
0.19269792187605103
0.3160440821536887
0.4816749666013648
0.3557615936556265
0.30234263700119607
0.17303780071523206
0.3300894281050924
0.39849596446713725
0.1854778165925299
0.27587605630937057
0.13125522388882319
0.38448757440310116
0.22136434157419344
0.20221260407008612
0.26133912599770026
0.16334296825063474
0.2570913835120598
0.3126173265926686
0.32650560097909054
0.3516976767499371
0.3485214198228415
0.37800998174492967
0.16640356147045268
0.20881631691782315
0.2840711495050064
0.28748133170415896
0.16117249730038571
0.19607211695675264
0.21984263674937563
0.30609091857700516
0.2947289593695032
0.1910320354035821
0.3386804641702088
0.2067375098191446
0.17167644113702982
0.19929671070537353
0.12621186892856223
0.2534465976446825
0.3288379308769362
0.13383374112473106
0.1228884519505839
0.16053890238706486
0.28119844798672805
0.11721963117015742
0.2789689795881463
0.2501398869363643
0.1288323568790177
0.23131569881577796
0.32259530098945305
0.12145527248653876
0.2864435764036276
0.35299396663516625
0.1921384270307301
0.3794842056582227
0.2291178409852088
0.08484314896391412
0.3236594496708281
0.3028277383641187
0.24784575769738496
0.129816672453061
0.22523323443583326
0.1891974050766492
0.08335889923986606
0.11588687711159915
10.0
0.07431568094650047
0.27650838557868734
0.4546189574492243
0.16798683588074487
0.259854786107896
0.1572696479427124
0.12531892507770911
0.5678473509340995
0.16025514771787583
0.5600171356583539
0.2713844745522357
0.04474967280983221
0.08024883865865663
0.2186076656038634
0.14860295191311462
0.07292551283120637
0.11361510041152084
0.0563943033825314
0.10431824192288446
0.1149166960313152
0.11843193465901039
0.07555667906592987
0.22404881561741283
0.4057232444811882
0.04587606779669126
0.32442943488453985
0.057874488755071944
0.15542253075671833
0.3714066544713976
0.06829367748891953
0.374564825968454
0.03546956953178795
0.1561285770340676
0.1080217105976745
0.11013510705773753
0.2704821398800757
0.39508176104865395
0.2445223834903423
0.1599632649814559
0.37554309014868786
0.07082536936458908
0.30029107965575014
0.3930327108603167
0.1588303891502494
0.13717070500184123
0.3943120456097288
0.07143546114304175
0.05337805321922461
0.034127197720320024
0.337489112992302
0.05104016931309183
0.20599829741219333
0.12023280993234686
0.2680420464424545
0.04900452925803984
0.22312995333817176
0.18700670241902156
0.21780555186032877
0.14792447290539645
0.08208356007612273
0.2755971109140014
0.13832423858084913
0.2727432839134008
0.23743126266190848
0.38532712177524
10.0
0.18389885395493807
0.25601648805512117
0.1508978958011462
0.2637296845507603
0.06262065525879724
0.3596714636745389
0.27354880642825724
0.266802605553548
0.21202382273843165
0.038892305434038245
0.095617276844306
0.5584192539620679
0.23080585177895804
0.06557321444157112
0.42949958858429677
0.3922797261831921
0.04247294985334281
0.10337233204810506
0.21359799748767136
0.04346640757038142
0.24160691725700037
0.03690825741550462
0.27738814283219243
0.404630422901496
0.2273296519615216
0.30758580179143596
0.14596990826551107
0.07691225943819922
0.14489882793268208
0.19760687149747486
0.16475431578187338
0.23303130124125207
0.027748763754357742
0.29884415010172966
0.0441162809139592
0.026520993847240736
0.3024609208978946
0.2549818490796393
0.09120826267335458
0.06747826520667258
0.039976729128364155
0.32048059615057445
0.14088918800899555
0.10689328283540163
0.2690556443572989
0.025895504705355572
0.13565419216401936
0.04109569555508491
0.2366028694006967
0.35089206421382085
0.05172372833754241
0.251617136907803
0.18622418675890837
0.19469802431206618
0.14677520608845904
0.09209565031957535
0.03338493847664012
0.018847578165345314
0.025242493665710204
0.09451418222051118
0.15167034298071622
0.016418344485026118
0.3906472788807305
0.14237865260827004
0.38680094005822724
0.037600824490287454
0.23551255357649803
0.240126505357447
0.014495796809289987
0.09015364063990636
0.5624363443804469
0.015221303862352643
0.277763607924143
0.08944244682265501
0.3815298682873101
0.18274791733755408
0.09319373304224265
0.1415306165058756
0.10044208022020665
0.015852278665725653
0.2825651806709442
0.19514980113397895
0.2829616422463917
0.2154234615623839
0.06717084945359593
0.3649657007116071
0.35023318390363384
0.3196575542775669
0.15032006754105728
0.5726761268557172
0.08612650129134772
0.18172224063594353
0.1971796810277241
0.298003519151056
0.021941834640194145
0.3272440004348222
0.021097185244520596
0.031852959567345615
0.5026413546039337
0.20386995525555796
0.18040149848399073
0.11161344085335508
0.7601184833901683
0.36142811108389755
0.19410687582435462
0.0483914582816253
0.17024007838830155
0.020301710287127978
0.017165345667201615
0.2050649185545762
0.013391256759064989
0.08824057532394919
0.2623931595695425
0.05390424511129844
0.5255419800702347
0.23456786278175654
0.29611770549568395
0.017706801451379397
0.047159218956230965
0.054469046298069625
0.15291088897089697
0.03096979205420574
0.5641739373379808
0.2815286221691051
0.5635809145585113
0.012826139775402494
0.06398000518101031
0.02474436560516042
0.16922830968233682
0.04646703684876811
0.01226797639219779
0.4405720324555653
0.301192827961502
0.14023669516235482
0.23844032216144254
0.24284145956608436
0.2698820955868387
0.1537915729520902
0.19339511702616297
0.012584243763799534
0.11077046208175757
0.007613429184576773
0.029079643766802155
0.09898887551247003
0.02958321322959119
0.010252884881789767
0.01080878971394912
0.010555785469027522
0.2970297943976073
0.1811150845475854
0.5135478073783849
0.09731199407741371
0.5181881512613845
0.01157389759603454
0.281909144057216
0.5354011299153502
0.2147872934570976
0.2657515290283689
0.023958439548140857
0.013150692859812057
0.024403443679093865
0.1365332946609683
0.3342134922459017
0.3870613724297979
0.023012485045647027
0.006288599453319492
0.1437866794387452
0.010047880680624222
0.23785093476700572
0.14433118292663008
0.2738149733274726
0.36022271745644086
0.37288957020464236
0.10150911839617585
0.06340630908459134
0.1490775098430384
0.5258455129014888
0.16580175706651645
0.028580454206768066
0.004437622717796338
0.008387547269990867
0.3960644725681145
0.028222351441501297
0.06092309271809577
0.059406715331203196
0.26955975604284454
0.006536794568917561
0.5631497287631854
0.11134402268389838
0.005968787440427094
0.07492913493953354
0.007120515103375712
0.23495509078410895
0.005041752979202966
0.07718962494600927
0.12320282201215071
0.5350493489400139
0.21598123935693406
0.03033678466326422
0.09622928695702042
0.004617136857388891
0.3722083838111482
0.24822801859971996
0.16364051799152973
0.003930033538439025
0.004086383314982957
0.0035711624857912927
0.011130520061103256
0.08712858409989864
0.2972344375022588
0.14282367896277
0.13454956310400937
0.32687551220725053
0.005776200898994761
0.10195306105654384
0.00929257063009214
0.059160507041162436
0.01378200668064853
0.02231915083945446
0.02705870195823037
0.1363425367215307
0.3585176592586958
0.15448770761419264
0.08664131520421563
0.26453742010029485
0.28123430123648535
0.06047562709089776
0.38071348563946106
0.38134245182721893
0.059977430900293394
0.2643049162538153
0.16661910950198217
0.05873828377980139
0.13883388216673195
0.3592673924416097
0.26407918570518046
0.00886285085193392
0.098260748450607
0.193131208071108
0.827488612877676
0.3811381021225161
0.22171881000925148
0.019607088401229662
0.007939788315092393
0.06627939637214462
0.004288497877057942
0.3093962062052622
0.4509482280616583
0.08725332510018544
0.30793164559737024
0.11908252942978526
0.0017911689369075276
0.19540364075596198
0.39192155618374847
0.143060653065606
0.05842791012753286
0.0023533735232958088
0.06308186942985906
0.5901214513926929
0.026653501529251576
0.6554962846763562
0.15418424240725562
0.2333734641746858
0.32752405252815087
0.4515294197645472
0.35757974335848414
0.7262688852473844
0.35885094932540823
0.019365981845730875
0.022402507202609036
0.3534526295488168
0.134249710408324
0.0015400386225026667
0.43428341340853477
0.450998192172788
0.45116312136553094
10.0
0.019822478281444803
0.02363106455010537
0.14895143668705269
0.4512595274879388
0.3796892325597734
0.019191750682520037
0.009589398430827813
0.5413795557427721
0.40472192987332045
0.058231665948621815
0.5135876341708846
0.0012283101719486554
0.19524216602430391
0.0053058203095417205
0.3519210812677059
0.5728181623416261
0.32062996941675564
0.0007863092470350618
0.08843672930820475
0.25379440472326015
0.110907395009495
0.3520960573098803
0.13436851358897503
0.3925895356203513
0.46951981394799425
0.0005806951265475239
0.0006635097004346707
0.10470481558049544
0.22739740733691094
0.18117626981597362
0.09630103842381593
10.0
0.0005305954777907024
0.6281929422935446
0.023116635387812865
10.0
0.000886914868437226
0.1480107192399833
10.0
0.14246726965201117
0.0708938696911901
10.0
0.09746240581757727
0.0003272845866366856
0.005167239335291384
0.0051119241610743105
0.3853681678572972
0.47598361234363984
0.350967744205504
0.35200805004096475
0.007666960608482949
0.3510224947600218
0.2812030763943989
10.0
0.264321036648355
0.15387621634471668
0.45942786645908557
10.0
0.392419368447407
0.5246321726220368
0.45127941832829993
0.6602263360307613
0.379608404912591
0.1892489723175846
0.13401838047953127
0.3592941017349418
0.2104411111416337
0.13567579891362963
0.3371008914687986
0.023716272389035477
0.005247344457103971
0.09740817446753894
0.7770753496598843
0.35869647356607887
9.139412735894796e-05
8.545622102533753e-05
0.8327238976432124
10.0
0.10052886837296023
10.0
0.004470089224708616
0.05644562214745019
0.42396982260350435
0.3924462808737841
0.3827699855277605
0.3339961604062627
0.23136841750520923
0.11855346974647718
0.09742395619140651
0.45862586604408073
8.076007344022805e-05
0.3870769058149205
10.0
0.38707175812329714
10.0
10.0
0.024768952607556276
10.0
10.0
0.39304305138424
4.0097838855827065e-05
0.3024642172365643
0.5126679365073572
0.3853854397003328
10.0
0.5600236831516677
10.0
0.4618425154887727
0.6018313030833721
0.14896864079017397
0.6018113444814223
0.0259366636824534
0.6444356937006254
0.45309738845102643
10.0
10.0
0.14490937166189855
10.0
0.45101997952845385
0.33396574846482197
0.2501852226976217
0.756696943210112
0.8476445084115669
0.5650486593252898
0.46229433811604564
0.5632955571352073
0.8502319881814397
0.4343788037212213
0.2681852559616473
0.5635898552735193
0.43421184246109695
0.2661630962579081
0.26410038607310365
0.44659078221536536
0.2781208073701391
0.42759966301995334
0.8537173079183245
0.3029685545893693
0.4510439569149702
0.45113510264578427
0.5413955631989222
0.45040015825802215
0.2462792114913069
0.15129203261007113
0.2815662139201244
0.24827726022882884
0.15054229925376156
0.8435569883505983
0.1526970342927279
0.6752669717980113
0.1452931232324879
0.15896172283510046
0.15292339694088278
0.15495420490613257
0.01798409915425179
0.6605855267817032
0.00041709807505396974
6.468477622830495e-05
0.07360288943250821
0.1307355880875993
0.5111535769405007
0.17682719598296584
1.6982864678150835e-05
0.015055799039284496
0.08252904251907282
0.017445910867261463
0.0004756530464978214
6.028216599087413e-07
0.5749401225255786
0.015460971421511238
0.055893174102767756
0.01414921799349665
0.0013326907619097157
0.02728849198884391
9.988328387901413e-05
0.0020476344486945724
0.13286745321106463
3.121582551210818e-05
0.0009063970512928873
0.0011043006847079612
0.000246483931382634
0.04197882026838988
0.003322579252851627
0.0028762027384007507
0.003071006533806124
0.00012470957232017655
0.0001780061751199404
0.12781183021709702
0.0014022296564156999
6.290116320057781e-06
0.03283334585067036
0.1985597276033954
4.449368678897382e-05
0.6412874237329669
9.331314799019047e-06
0.00015928259549623442
0.038266807954710554
0.0009870440779700272
0.002749422908300781
0.00036731912161655934
0.0029642507842015473
0.0005471899939317234
3.8354850980547204e-05
