0.01855264799976148
0.6610990489400668
0.0004733840050135265
7.870550796864013e-05
0.07396096539369201
0.1310595670877951
0.5117788990011937
0.1770801577459446
3.0434641827073423e-05
0.015178022709915714
0.08315696551504088
0.017572442336941947
0.0004960744198564755
6.028216587502775e-06
0.5754075183973071
0.01568007941095023
0.0561557268145732
0.014335225180157988
0.0013951132085104122
0.027503028834537042
0.00012101588298862492
0.0022450012201695995
0.13336943371914523
3.8246478677421e-05
0.0009752608441489569
0.0012051682058426805
0.0003156119792626466
0.04223852755700444
0.003503384568962907
0.0029552468520168116
0.003302489773283707
0.00015795277630414122
0.00023880303717374374
0.12846371042788338
0.0014662776875632895
8.647213913052831e-06
0.03309100100135292
0.19889067580966066
6.312691714604548e-05
0.6420485224178223
1.5488222772714993e-05
0.00017125096822507335
0.03867027803924943
0.0010930931823596591
0.0028674200591100774
0.00041084408283624123
0.0030452861738641704
0.0005632427063556749
3.9330201708683086e-05
0.00405138801985025
0.7045976912957006
0.7041860340449015
0.010719676036066862
0.004180938221708776
0.011042670726757471
0.40069240040974047
0.012953499917511244
0.440393804810808
0.6129981928388298
0.7034434135602112
0.04445187439062564
0.01326825419501674
0.3982071522793059
0.02697841614366437
0.5304109467707943
0.01263231143187274
0.20883401772733376
0.12582441482546136
0.0007622867198420854
0.20999125301522364
0.6357214319545632
0.3992574606616005
10.0
0.010681565109467479
0.29558923229438105
0.12947473471727314
0.3986058945859968
10.0
0.004147974979507888
0.006346691487183669
0.01543662608935135
0.006438830486279997
0.6122569261409501
0.11564972238825796
0.044213612824828524
0.012349729856740927
8.866223499282122e-05
0.012314463630850404
0.30873847710515206
0.017920927060306267
0.39654941728248533
0.006107368595297936
0.12552458420882656
0.012657033899647507
0.0006783883506754743
0.6740315506617973
0.004514815341187228
0.17546590605203038
10.0
0.00036248301481437247
8.349196580635479e-05
0.01060972323127186
0.2952223241349889
0.03761895428072276
0.01523487298503139
0.017244163990736524
0.010162100536482517
0.04398589545063638
10.0
0.0024254411048747378
0.12415482592162844
0.5090594326033435
0.6090696952610442
0.3970994067208508
0.5315871922946093
0.026613832786918853
0.026525148118860573
0.6968982673736772
0.1162961633209022
0.08245927329729859
0.0008772516714084723
4.122671701339174e-05
0.013116262112130435
0.44198841409702877
0.1250943010825374
0.017787335655264164
0.02672861711798003
0.0008987455187533241
0.006046454257667544
0.012739803173911948
0.016526829639843983
0.056531349161960474
0.00034954606390386105
0.00491159336375986
0.7421939060544761
0.01259864824909006
0.20947000535661126
0.0006461701319344773
9.75352173112796e-05
0.012904483991785684
0.6086915886303289
0.12541840189320191
0.004739033156966826
0.3969455180504116
0.4824547732356678
10.0
0.010511714065756196
0.004239052941508408
0.0013257549345096385
0.04347645459320857
0.5301330845204708
0.2088890618985448
0.0012619055859177802
0.01717575393103918
0.7077947883900831
0.0007116677510086831
0.005627505429321352
0.12893032096165527
0.0027363121137664146
0.18359789539937235
0.3965453533211181
0.006252678514221683
0.05748701297751045
0.03822197794531734
0.5110840967115348
0.20174852207889077
0.007288695335165596
0.44948748313418707
0.17517944193076676
0.5101552564859726
0.0018302281934074675
0.1798592974018099
0.08227388874564281
9.218434206924324e-05
0.025597187544058035
10.0
0.04365143106887211
0.11511759126048361
0.015331324334813715
0.044163377782941
0.007659938979118077
0.0070318982041309855
0.010590125906456537
0.02813021244240497
0.4603164291789643
0.012524119677003539
0.05643627503630556
0.19937564186615045
0.010864849839377883
0.010959291822163845
0.461476645716665
0.004688369105255323
0.0025020241990839254
0.05640527607822293
0.20118453382888946
0.0003431114656305626
0.0397469350518513
0.003964374019216963
10.0
0.011429830201690238
0.00430154770855939
0.037736854387747015
0.04194996390298826
0.0008549675804540445
0.02942643463106861
0.1292697752377447
0.03415867084335293
0.017431851815074742
0.004786378270770987
0.007874177844326532
0.017739019670120395
0.004453088355779794
0.05134063224599126
0.00747446424725646
0.0005937449580489715
0.003932404189794731
0.8034572894949952
0.01916142897908375
0.035194529296237884
0.0046559702660091155
0.04127367449263138
0.001704764566603426
0.1643977477851635
0.03496588685606625
0.02799045725425026
0.004394318879423954
0.03280471750059452
10.0
0.2014785840113719
0.12565027353901392
0.0071726241191288976
0.05667015602021463
0.05645630134204557
0.5309907385925194
0.3627989540478032
0.12598968258772883
0.000545406359217951
0.0020257048074195693
0.027166532399840952
0.16343210446995604
0.006606333463423545
0.11686683452959631
0.006813415306136422
0.5094342425485976
0.0016019237303251826
0.12887475761486403
0.4593912908067805
0.6197264662180697
0.0019080305482750272
0.001815349543166664
0.6960974639668845
0.003895151239494377
0.11611583614339231
0.20091504861310122
0.8043116013652155
0.6134042956478527
0.026570145166097
0.20916177574198777
0.720893366764952
0.010337437819667259
0.11526926769097501
0.7746826697189905
0.4490994423756853
0.22027808985585842
0.2198497938441194
10.0
0.017041417459188267
0.018971438749041513
0.026827326368573892
0.48550116636035895
0.006653610952910556
0.005101380431857836
0.12906276101934896
0.032543676076680274
0.026784112840454115
0.48501890961144734
0.003645081427548628
0.01668591151104901
0.4402170004556317
0.019227220070354822
0.39771730946917544
0.19947076110358275
0.17502446953729628
0.007219969232933059
0.02921675734394406
0.012187645350257285
0.1795167730106211
0.7585577852425597
0.004496730749227143
0.01004991266130784
0.6095139321160911
0.04291447610034389
0.019315317794019373
0.07438628102259867
0.18101508855651244
0.19999503451689843
0.18800749886278403
10.0
0.011246342887821191
0.05895315455668455
0.41884866668999093
0.02215072221834581
0.011612482615336001
0.019850248756369097
0.18477016712757638
0.1801888402360482
0.16355921622274602
0.005058866844319849
10.0
10.0
0.45945245338923324
10.0
0.010433211914803248
0.44597050885903394
0.01357677655935507
0.11504626870236458
0.5966911118999315
0.019921751934993345
0.18393906455878642
0.19968414183354613
0.44114286159882915
0.6123587283370752
0.12301470575597413
0.003801409197290206
0.439967833746212
0.6125574108928066
0.18040274024996406
0.11492446271303924
0.16390228261994685
0.5106155223271338
0.062408381371289796
0.04609775750338353
0.02872903725823903
0.7022573466158049
0.12457632626747943
0.7790787241013748
0.0076258017036333215
0.20046272891819797
0.18761618381576378
0.05907313179951873
0.1641103126480639
0.4207782803410384
0.20106512113350636
0.0459499868106968
0.12290150178208535
0.01469996589348764
10.0
0.020578601232622635
0.01905511127032841
0.05788288760856423
0.11601468866047451
0.019550125173274847
0.5975385385164932
0.7420174167014609
0.18125960375328626
0.3625753682592955
0.007716902178173611
0.44882763163476835
0.039231329977821666
0.01167457098625026
0.4160660489623284
0.6082945847598765
0.7754526780521268
0.6861557501190962
0.4168156252149226
0.0076783397003112016
0.49048900146724633
0.29481780211662767
0.07455784738312383
0.027264654561544675
0.1870601886733518
0.08441641062341203
0.03452128876000895
0.18527725991843647
0.07495566361236042
0.16480148027517233
0.0840040988039021
0.0278379225151181
0.005151570434216184
0.016108714700246246
0.12327256411194988
0.07516489007070395
0.05818761708678954
0.058064004892412105
0.04563884516004012
0.013393424205127513
0.16536210464888462
0.05854371041281174
0.034257357408011335
0.0321806057417828
0.043201662703628345
0.4594184741928146
0.019658632941779965
0.5697177438898698
0.06531291717413834
0.49449121229615783
0.028224202801679702
0.44148477621519233
0.12307270747958571
0.6181640309346902
10.0
0.008210267521644889
0.5690552050463265
0.22087048031906306
0.041596940403072616
0.47960986318041654
0.00591792022677133
0.013693434864281904
0.5090909508815027
0.007615212819290545
10.0
0.034715704336925245
0.12320724721452837
0.41617816921318596
0.7486157986144598
0.07481629220665517
0.5982307889996545
0.45385515812657506
0.02224584145577811
0.4065756612810678
0.5690967252210858
0.083659587587156
0.0588500427896485
0.18700898276012468
0.0051147689340313735
0.40697654776990017
0.6192875135965232
0.5692406572222993
0.02122120376278655
0.1138255227654542
0.031962031811053615
0.11454707856434487
0.5090410770806256
0.48620165747344996
0.351050152238758
0.08489835106969494
0.417773522222399
0.4583701303402822
0.057954413328627524
0.02035126807436917
0.011996820508984573
0.0052413839804320295
0.011795970507190666
0.013398120338262983
0.042607624981416174
0.4568668937887264
0.01887875774393315
0.020016487389976172
0.18258558429725527
0.453104816476528
0.03944852685781913
10.0
0.018908966595677784
0.18312904936173158
0.1614557787438511
0.16374031082065846
0.49149828573093707
0.04019947972765583
0.18685656198530648
0.028257865984462383
0.01626305564443051
0.4190569669263838
0.0579094613642692
0.022336129166944232
0.11362379278055891
0.005178031410477702
0.36304787222340773
0.45309546935093375
0.4953052241192556
0.013472016666333067
0.05828126881874111
0.18712019990845616
0.021345538439184825
0.02846718260856213
0.011167660116363033
0.1805666757553851
0.027063488401618447
0.4554790954144607
0.029089623049715026
0.7324221090685115
0.12344690769336315
0.7873453157000286
0.021582061713239797
0.770125046501665
0.4061242227252372
0.6225762529113644
0.015042218631436583
0.022500313206180438
0.020413649917480296
0.03550993825805139
0.40573866499294464
0.00806805141523079
0.16566714956276024
0.01589269257601467
0.022037202230821108
0.028953164185780405
0.03125569235050029
0.45604010270364403
0.34358501430961497
0.030233018183020873
0.01978434481340637
0.08193224488664175
0.059215821998634906
0.4532268256277976
0.34480655165333096
0.08495328224471793
0.8250230723228132
0.41601680733321955
0.0283131133176177
0.014128550528312057
0.12386109218627112
0.1236678513651207
0.3625334417606476
0.02098535861035634
0.04628953168603163
0.4173107276941648
0.4160488674728944
0.749823382518411
0.4534422827710889
0.03164192690394997
0.6064657788807006
0.48436316614479913
0.00518742367674864
0.031130025561751987
0.18113824919962684
0.4800474848166849
0.057920930766350055
10.0
0.03892097901148859
0.4406930934214307
0.42407236996758574
0.6875334554195308
0.4213179074076243
0.03696894590525529
10.0
0.4675668096525293
0.4392759216736292
0.42398910391468375
0.1812079913716742
0.45439063001121377
0.048718923445416985
0.04495813126978761
0.03568294958261824
0.18274913652596425
0.18117940810447647
0.18663087594156413
0.16174766148027103
0.046959769124593445
0.03742404180957182
0.41600987601410727
0.40580569774181674
0.1841427362863609
0.7745017775605403
0.4170469769626724
0.43964619370931046
0.5966379417025861
0.48048573807563516
0.026405893358047237
0.4548832052483471
0.08969551926987937
0.4406165328686606
0.4181527804894554
0.423963049334559
0.48133203617528025
0.18624965425736786
0.014799126550848122
0.05834597618698092
0.3626370501618248
0.35099928502510225
0.4242564453818197
0.18149953555301915
0.05931150578351829
0.06199701744819121
0.059436720876507164
0.345639709249981
0.013923816463174107
0.733543424284282
0.05874379270521031
0.02861228864305959
0.03617929473093627
0.055105620871740854
0.7478220394073702
0.5464907340278565
0.18202888892526872
0.10828686222180532
0.6076214567863464
0.04002901876462255
0.04992853969129271
0.005210385022349404
10.0
0.18278562186801675
0.18041141003421415
0.16121076630605125
0.0496564341777113
0.029957865240275553
0.769850909368641
0.40399940276960095
0.10852248239333424
0.4451613289956916
0.005252334098560407
0.05965861316715808
0.10908777978075734
0.18284143360412675
0.008880213005222085
0.08339610706393939
0.08598202742861849
0.4113912969886834
0.5472116135835757
0.05586400157923382
0.008422768268506884
0.05864605447045246
0.0296314162185469
0.12322427066824516
0.16303647837271745
0.12320898569411584
0.4574868960698036
0.05917786915110168
0.021943257026672675
0.39386489715213796
0.08985920624148523
0.09003689202472692
0.7326103156349406
0.4684570881227111
0.11025506161463625
0.046655446692738675
0.045153923897435624
0.34272397324185255
0.04904695253532522
10.0
0.43096591063947975
0.6556651423072888
0.44395512214247224
0.16211265072741585
0.03722644297687169
0.18162181563504656
0.0597323063332839
0.18572702809583488
0.4224869731941091
0.013840302020953371
0.035870794908037
0.4295080777480417
0.08530341451608257
0.05463627776646974
0.20756868005560064
0.047394996628840426
10.0
0.6555297446971946
0.45521753380349145
0.04476457400151207
10.0
0.4837197279919299
0.061234618295698325
0.41952201993341515
0.040643625549968074
0.4048085374489177
10.0
0.60437825666925
0.04839861537636908
0.41254478432884195
0.08487577350654364
0.18631381976409203
0.05984122049792574
0.47943746018571126
10.0
0.7704500275844237
0.4050914339539624
0.1863447961807356
0.4232798292986726
0.0874019080794082
0.42640542191396313
0.1813619252694879
0.6720458969703212
0.05952712143936494
0.6282331981247675
0.6281668877134198
0.4047525901751806
0.11064856578217964
0.7774787876662216
0.18831049048275642
0.44457395111274756
10.0
0.023568095762600515
0.3509422767142693
10.0
0.03659318734110781
10.0
0.08732327039082814
0.008867795345488873
0.1136288501547048
0.428674288557609
10.0
0.4027659675919657
0.04648728900238784
0.029721252378449997
0.05040838046032665
0.40469217257283885
0.05484478174279244
0.5705348262615562
0.18606919124601323
0.04855261675400355
0.047271045734891624
0.08554596473515541
0.4330898497016873
0.18215658762245243
0.16496862215580185
0.36398522469601535
0.06050285570430642
0.06056492138928522
0.050831168269138784
0.5035080628206675
0.5786428831968873
0.673086000872057
0.1822493137104389
0.07966726375130398
0.04657920229810086
0.005452528953657816
0.42461436730983665
0.6233249696993466
0.008771637496802693
0.02591539554571668
0.4031694067542741
0.111695803803731
0.4033913214418677
0.08931930872097965
0.6554396149205983
0.02301341072573623
0.11220998558817957
0.6576336803996911
0.6551877172291398
0.18622502212874498
0.048287601491129345
0.4028270173227268
0.39311358376377287
0.43235050263853697
0.6517445267193578
0.4298030758269355
0.4047287257270538
0.20849318683400184
0.0735631032145989
0.39182162796148906
0.11150412022032831
0.11139073562593431
0.46687058551825333
0.1855126763500355
0.49293022197682007
0.10971577415794906
0.08854494353226479
0.04723232517796305
0.08865742502413274
0.1887665341389879
0.37587247389238515
0.5790315785240999
0.5785453933514482
0.16253564083119382
0.4530871382229061
0.11810063185856932
0.40362583477094066
0.054018442497965884
0.07307506660952054
0.6297394156371413
0.42886552058974864
0.11758105313342507
0.008633462810316777
0.6520422341058297
10.0
0.48336889505750147
0.025938131231283055
0.36481813375885025
0.0608469159477751
0.02594000516179979
0.05941339828989598
0.4296537705824365
0.4256372660247282
0.6047904774560253
0.025904942126752813
0.02593476716714869
0.34617976456055993
0.5213034504585794
0.00913120860562934
0.3910606058597279
0.3827330712047833
0.38347007118394133
0.05299425776507729
0.39124461336065197
0.34252233284472783
0.04919083930916431
0.08719922925887494
0.6931052818471379
0.11739494609974845
0.3838522641729664
0.05342641428724648
0.5458817943914824
0.18173869968670564
0.07296163693224844
0.008899607168093147
0.39150312609749327
0.07581815000540551
0.4043529218921829
0.08726402686511915
0.8217115904299271
0.1906305160204995
0.4003679386470584
0.09456082750933067
0.11129511960986448
0.05417675637078276
0.06067938970671048
0.04763278424643187
0.34760255851895117
0.08491679690266545
0.11921785938666303
0.11145237244558555
0.4800134378514528
0.1277393990825652
0.3930413354894405
0.7912874496202201
0.02960466184233672
0.08831180754291634
0.5007352419925565
0.4935379203890823
0.36506276169171864
0.11188017254566547
0.6053840874688812
0.07329871958885624
0.20791836135368788
0.3512176322409733
0.35262911321464135
0.08760935145212431
0.110453202308852
0.05226888581615253
0.3909270144546858
0.04800748220697276
0.3504894163138217
0.5017907895254735
0.11857803413518579
0.11014477025476628
0.43678209435819
0.20713428774056974
0.36370108653336963
0.11332678529131983
0.6289370314396869
0.11859686386620288
10.0
0.060359826805618876
0.09540732790394162
0.3765434559498169
0.38278937969063154
0.4831394159831497
0.06456460642105187
0.4984775758431833
0.43037367912231966
0.0850426216259835
0.6633426048710764
0.36577853907940666
0.12026087387946802
0.11858171428520427
0.03708384308800812
0.05410994932529398
0.18921989237289683
0.314179874799988
0.023081459472174947
0.1193473417474598
0.11119688459646909
0.6591238284669573
0.06011948882649386
0.498596627297556
0.31337929680758575
0.1184436072519348
0.7920357155794213
0.37367942425191286
0.7770702471306121
0.38312578538158576
0.3927167376833939
0.12666265233769636
0.12721252906886663
0.5016699769489268
0.08626043135261229
0.3748859465118833
0.37329928600175505
0.38191630556921485
0.38155357480086716
0.40988609485254174
0.12645349379266277
0.49988354839717974
0.5029927525193024
0.1211060203427719
0.11730729992734693
0.695444249476302
0.3745674223954412
0.3727105304900936
0.42504774381514626
0.0639947935209985
0.025900945890850215
0.6412028572124274
0.11876323803743707
0.11031333426900564
0.06407535026632233
0.3470917637302163
0.6799150855272061
0.1190126518357079
0.38275375225262986
0.7312432899192417
0.12072592688649937
0.3845895572197315
0.6645265043694203
0.08703931234295022
0.05434626943740469
0.43866729848438035
0.4107333408485982
0.36376705824514594
0.030367061139326003
0.37562226969878354
0.08669617875492147
0.3827617672947734
0.16600734799533112
0.3636565183514608
0.04936610911252831
0.5045717817697365
0.08898260897984289
0.05368901338239766
0.7824451247425931
0.008919610961293395
0.4214302984447433
0.024778548079120395
0.08837786956494523
0.6945453691351801
0.0887955771691796
0.11019048978402354
0.37243275927250474
0.37347992962639004
0.38215910432210287
0.18927513974940105
0.02301566848205136
0.030471121091766213
0.030634967009416664
0.0308285242776922
0.40292764548556803
0.4053531082721269
0.08848387126006464
0.777106010062892
10.0
0.11087653144454307
0.3817699350466845
0.05203383062556391
0.00929399301657067
0.008870143412056608
0.023162806468333158
0.34241398308304066
0.11849483585109738
0.37539303930274337
0.501565849227673
0.43324651559301464
0.1080425722660263
0.07691291418753061
0.05999063878196172
0.30975415057357075
0.4293861136796502
0.11999687475865685
0.39242747379980314
0.009332149170544559
0.3923216075267137
0.5847038513380716
0.2186484181848245
0.07692230645380155
0.0777520766212487
0.024127048789754718
0.1203497391680315
0.5024616372012494
0.08782252844215782
0.12211496703396323
0.37315108615474796
0.33685574482273856
0.08656202280242828
0.47601876557334233
0.47665418851067237
0.09475149484952285
0.11078475368645717
0.7809433591644318
0.21862739843740656
0.06285914223898487
0.3113693732833209
0.12154808888477782
10.0
0.43789304629185355
0.07796785021166511
0.07824451603176207
0.3886113902918633
0.08612918801413791
0.2195187610641088
0.009598113370204213
0.009725337974685853
0.3906813259182108
0.3907738713856921
0.363678192812086
0.36547333521948644
10.0
0.08804848469417596
0.6161980668651076
0.3919643859005195
0.3288585441559692
0.12262720678673977
0.1900577683984775
0.009414692741425689
0.3130366149153164
0.32953876097859136
0.3813827076584418
0.38144165771195393
0.33498970814456114
0.39229038279299955
0.39241331766048243
0.02476430162954711
0.08689714146391063
0.11779987559796942
0.39192839719260814
0.5508225352303233
0.3100811647207361
0.02507767817718778
0.6926400034257161
0.3743687400131055
0.0633419404159229
0.4144108419589981
0.3518901499339404
0.09451948795507656
0.40773384403187984
0.3925600267091885
0.06273428824251001
0.4132714661376705
0.12168969533196344
0.08714149846602118
0.18924064118955697
0.00966227887692839
0.0988766649513599
0.11723103284677365
10.0
0.38126358843525554
0.38118316708306244
0.06001956060423443
0.4987565443579771
0.02428450507641285
0.8289576891788188
0.37195190298274233
0.00956715956724789
0.407559861691477
0.09098492469617996
0.05395217731399274
0.06315016666676403
0.02402915247593071
0.09067382827289777
0.11096564512242534
0.3829305346154534
0.11964432665191091
10.0
10.0
0.21070702989717421
0.38929695853881385
0.3866305470085039
0.40809050161636035
0.06320916180315425
0.009942488615833984
0.02364844934598007
0.34951546448427384
0.37172624005842464
10.0
0.37211685429788466
0.3730862208519384
0.06685110636548831
0.49240281010160586
0.1184348923125584
0.47848233967664094
0.06303215356355171
0.06431275352347869
0.39066096088400015
0.3854060078964877
0.0982798491412812
0.4759546452939926
0.08666522487971695
0.374703768335436
0.43685253635522203
0.06265883395421018
0.3897949292716788
0.02367373621670952
10.0
0.10403958927723019
0.6537618768530594
0.6787236216421041
0.20332696522301033
0.11101023584577324
0.21866609645289606
0.0672087120775744
0.34907222176448766
0.3502352384691054
0.34890200933526955
0.4314647396809854
0.5408094492693745
0.8314150542716303
0.40843108397587713
0.3853822336863653
0.1033837111399333
0.38505804201636185
0.118472574301582
0.21301741527061535
0.33396367132901206
0.09915287896732514
0.11853764291083223
0.11109824325918519
0.3803318795948297
0.18919914355623668
0.09854147808757478
0.3781866285267772
0.21278220257894617
0.02303104380978221
0.07903877230648193
0.07670662227053522
0.10367480377001524
0.09970009118480254
0.6532530467819321
0.37045403880749356
0.6707972211789528
0.38071479513812384
0.3155633599565893
0.121523343875564
0.37740524117406077
0.3340599421305374
0.3811525969903074
0.6566874095728941
0.08084170307006695
0.023024112490669945
0.6175579586488363
10.0
0.6386874683169539
0.380833553264796
0.18951116595582568
0.639081830793138
0.38109208912106196
0.0671795869777603
0.1262785404364239
0.023848938294608883
0.3872681157391103
0.6141803092515463
0.2191221184346669
0.380751054776793
0.4371895742179445
0.33603764664133096
0.2105537957954459
0.41395285627109457
0.31262649308330803
0.4329637540476114
0.38544664751016006
0.38534850276366833
0.09833599957696257
0.333412643105997
0.36959378813506194
0.583789280132421
0.7261992560426258
0.5802368591553686
0.20279533116286633
0.0659988697526247
0.3903693935109823
0.1035692310847198
0.48901419024831855
0.3710525024545654
0.3339288341129455
0.40906607775888676
0.06312020620433816
0.06357047072688489
0.06618974083274674
0.210481299204043
0.3923843055279571
0.42872935527025907
0.20222450245309168
0.11865852322729317
0.41363950281397927
0.6925978059963104
0.3729913498593284
0.3780571010831023
0.3789110967951903
0.3339142263934625
0.38537261564446285
0.33410832588449474
0.639677494099897
0.33398880012067533
0.06365400771054468
0.38872202035130465
0.7887437248064935
0.346529649598577
0.3340330522167001
0.2118587803905547
0.06578336637048408
0.6143081434863571
0.3795325216433665
0.2109922975882113
0.0770610682291776
0.38899970198112294
0.38785614819076525
0.6532282340039047
0.09028691603131254
0.06348756577049694
0.5522568426621987
0.35169934748961035
0.3533999334441735
0.32544420697716453
0.35000876220342797
0.6256820464848594
0.6533244371088647
0.0984299900084855
10.0
0.7952172291701034
0.21364541033416498
10.0
0.3954714723300843
0.35171804171189963
0.6711901618105199
0.06565015874789144
0.21043393147655157
0.09750503225680691
10.0
0.023705412573934884
0.3869958522692846
0.09737252445919894
0.37961623933422933
0.21788805039168072
0.2124071896162442
0.41524537660637983
0.09740167212935137
0.0974184924211239
0.02457697519071572
0.20369348902196743
0.8273951643076688
0.33228803192724743
0.3345284264936786
0.09042906436891308
0.476168161850576
0.33535266577226336
0.37963908782813843
0.06387960272155241
0.09139319550035167
0.7978361539584586
0.21127625614182666
0.06569420760972372
0.3521045464736252
0.48769943047146774
0.49641163778210523
0.20250622564733453
0.20626699340307164
0.4974791497617837
0.19133748779731746
0.1338993289529104
0.2057604650007166
0.495761403963348
0.09734080301909548
0.09756452417183467
10.0
10.0
0.33390609847072805
0.6388548356119739
0.2065110564994961
0.6147906718885086
0.3795989449064058
10.0
0.07728104146308476
10.0
0.5810797919337606
0.1034681286846801
0.09732890463608992
0.3303837716152753
0.06353412077796311
0.06557490776603228
0.3122971312308159
0.10340432441896634
0.354128716375215
10.0
0.2143428545960777
0.0249208995786652
0.47751130072120546
0.6404174283964339
0.13544379239487397
0.3946326026460811
0.3801022661388221
0.6242485959166607
0.218396745647663
0.21544540695376696
0.21748228594988753
0.06736029747533116
0.3486212126519702
0.2108611671014286
0.21781243802431474
10.0
0.309353941007043
0.3945005238293978
0.6276101920524405
0.09811546165110793
0.3306996999983129
0.2137356528179566
0.06656540952013083
0.38706821343865755
0.09184562674647893
0.21205577002641482
0.07181607377489446
0.3519516739019
0.31977288050626784
0.10078512378697563
0.20226044593362855
0.5298072444065892
0.8281734349451955
0.8271010910057617
0.08044408942478902
0.033588542579897476
0.3095368193119174
0.10298011389855877
0.09789108618975138
0.2570955603684676
0.3247249298865676
0.3261115101561462
0.20407010560576289
0.10111385310645846
0.0990363109726509
0.3521372387850683
10.0
0.25808213167587635
0.21569283407097686
0.07163249542829078
0.20528593013964372
0.07755617128640542
0.5076245383715708
0.5085154714104635
0.023745216897243637
0.3520691223131649
0.37145975689992944
0.07218512626092449
0.5994129967774473
0.2573980322348742
0.379735742339865
10.0
10.0
0.03390968583816147
0.20497352457893978
0.3539590906013978
0.38688551568204016
0.3236758183679887
0.37855414588300934
0.3310637182296217
0.19194626993261096
0.3870840403248763
0.35614426059285725
0.6789382898350286
0.21395957716153932
10.0
0.08063317597431958
10.0
0.4873290905224766
0.5081473220269596
0.3237130939608756
0.20221468120589603
0.6000279648038033
0.3699198081469666
0.5733298826298298
0.35475580764988063
0.3537311244043977
0.09648161370165179
0.06342529677907748
0.32391184442991694
0.3196582090268983
0.2430343855295701
0.0921839285914969
0.3798022106857824
0.07057879925555229
0.3094467347626955
0.09769016827464752
0.20608894637881953
0.06802586207357787
0.39525479563714183
0.35351345357619457
0.21383689061112698
0.06630978584439447
0.7241146663134497
10.0
0.378293759027806
0.08112107819774207
0.06638675272105313
10.0
0.30940760788187843
0.09623102543660789
0.09641153294563017
0.07732258417928314
0.7732081966216484
0.3487551879839582
0.3957212025754802
0.32444449415528587
0.09685737226579927
0.8266799519009211
0.09260976382947293
0.38061852433659854
0.07272321786537078
0.41307014218767096
0.100521372621994
0.10023271793524319
0.09561786386094794
0.47705819178694264
0.24288618568256298
0.2594296054386308
0.13481498450292678
0.0922712133783916
0.1345931378731396
0.09666643327236726
0.2437808004898339
0.21466758714502124
0.08028615933442163
0.3485555345568872
0.3553042394170092
0.09634224244044294
0.09627586440477814
0.8276881307671199
0.1306995904209109
0.724546372440327
0.32782187262181806
0.32506083923237356
0.0962479359952841
0.20600470945457794
0.09131496428015654
0.5485152875962988
0.24588640671525896
0.25722763918515085
0.06778141461671831
0.6438180167134827
0.8275888572580677
0.32020998183988403
0.09565118834415924
10.0
0.3315978130635287
0.10057601032482014
0.4871565531461154
0.49600300628600946
10.0
0.5921766201367682
0.10136755700296904
0.09125908477523298
0.1004919314796447
0.16753781330479195
0.07123219516137015
0.1017700247159522
0.0958711164951883
10.0
0.07087804285554515
0.32697686299660894
0.3242098003502041
0.5059629646832771
0.09237809563459802
0.10495702957458264
0.5246521086464234
0.3797085589538309
0.20475585375073663
0.20390314434563855
0.09122925985043422
0.6010506381043043
0.5748881896509421
0.572437098014014
0.2576971397915025
0.7279813273053051
0.21498134764850707
10.0
0.48695172949320686
0.09613590615582666
0.3826845293717598
0.06759065624379151
0.5077883611697966
0.21418002448814855
0.07147596536358337
0.13417714604810754
0.6248409863798654
0.2042666886287417
0.3196907659452107
0.7265322306664631
10.0
0.6918321324108025
0.3228870484772387
0.06914446870425224
0.07115877292600215
0.5961425447396722
0.5053481108090804
0.5728348697383581
0.528984653831976
0.3198494185175989
0.505551827619533
10.0
0.5479066860815105
0.06854331742406287
0.21603050355638126
0.10162923103214073
0.323074600474957
0.5068930706973398
10.0
0.21486710517896151
0.13020096511933507
0.06893926069090862
0.1006521418677663
0.09710008143091668
0.21786064115776685
0.21622306770087094
0.3105330324308871
0.21406788169585197
0.06872061884686947
0.13455209179108232
10.0
0.6658288235838579
0.5558699983678511
0.09213073585271246
0.5727656920848625
0.8128022119236976
0.21553853936564193
0.3951479133809354
0.24505417534055965
0.21591226486538276
10.0
0.3110390183792912
0.8184163942932656
0.32743733214421084
0.8066272261493724
10.0
0.4712530484604891
0.5718564262091874
0.39594002504002457
10.0
0.36189047736813873
0.21678868009045513
0.21639029916927105
0.726070970256552
0.09294332510871116
0.5246003381857453
0.8154717555363897
0.7601614710704083
0.2150882299047135
0.5916252753221316
0.527528467939452
0.17855677516992452
0.3962928225475641
0.3270824809092789
0.09578037723275915
0.09210273967440485
0.06934391853588975
0.32273399499601557
0.10459206315786967
0.7609302829733182
0.25845698713749776
0.5859206241729535
0.10186487302262669
0.3266010136887197
0.47275253677532075
0.47178585583143495
0.07083887074735355
0.3269368780961439
0.06971780298167518
0.36162591312189085
0.10481596496001336
0.7854341470149733
0.5256719365959818
0.7263764447582371
0.10438017218583327
0.2445677643200282
0.6894706768062577
0.6244180627444333
0.5261157208160425
0.13463294215309943
0.7509165879817002
10.0
0.7126063838337419
0.4699621768291754
0.24164825681125449
0.24017886276251896
0.24133695751502085
0.3092326091104197
0.5713435766815853
0.5715973484914059
0.21367577712047936
0.7836518272184787
0.24012722783946785
0.7649744425533238
0.13383624724146567
0.6653583519616701
0.3603056673512105
0.24256450041828692
0.7840384461323635
0.5255828229180995
0.793529108313443
0.13425251002615476
10.0
0.3194203085214911
0.7958827937683501
0.07100124872603406
0.13400542095828244
0.32842523614195523
0.5282361393389596
0.1665558697837195
0.10512631578185003
0.24196614947841033
0.07091495720742161
10.0
0.3606733427865088
0.554564586063386
0.23775055484898686
0.7670091108700577
0.32732579898224345
0.3234272164950129
0.5254215287346984
0.06996604346914416
10.0
0.3590334888873623
0.5729212063398487
0.13438998488765602
0.13396685848042003
0.17751852371209012
0.5257611178981811
0.24081295430998095
0.5991580054179756
10.0
0.2396435938953281
0.07096155729776588
0.13763722609233894
0.3268945225876721
0.3267536611350471
0.09336692556530034
0.06833892292547472
0.21610074239146904
10.0
0.3273722409935216
0.3194716047449708
10.0
0.5550381499086229
0.10432354765744983
0.1364417426062657
0.5329553471052103
0.24221181648492107
0.24332340145733133
0.5447660785919939
0.6377141045588717
0.6905859636320464
0.16644316258846825
0.5925086006253448
0.5138205895830767
0.5263866746932827
10.0
0.09209971428094259
0.17908172627137575
0.129847129549628
0.6446348504935552
0.10204687086756156
0.5567182148378821
0.10540880625199901
0.23870172587396613
0.5350872114772945
0.5245631981304855
0.23792898536669563
0.13281167759905568
0.2519290458343658
0.21599255070884804
0.5942861994353223
0.759903544988968
0.2445452319842514
0.6203278197932249
0.6456373390913579
0.6696623594252915
0.6666677162427893
0.4692789338183608
0.13209249154119337
0.1316472388764252
0.13384785210892544
0.13406051028461977
0.3960877951547257
0.3585921426395319
0.5333664624944937
0.5818710903670872
0.3224542138334447
0.46932776912358115
0.6678590211818468
0.09321086944879858
0.6216775303603159
0.585521362835179
0.646406263701463
0.17773170070212363
0.5930673046418458
0.13795674376605604
0.14003110423354015
0.47063817146686776
0.5900385014979233
0.13750356691848328
0.3589034195821718
0.35881051287368015
0.5325448198162919
0.525159652121568
0.524742306047337
0.7137862648870859
0.46956198883596084
0.598954129516982
0.5989788067573822
0.23833474947614708
0.13433758225520956
0.7195026799075669
0.513591449786282
0.7457477487316493
0.237447879820636
0.6991394075415539
0.16707743475643544
0.5866695447008656
0.5936200713010994
0.768655878589802
0.5827621592325998
10.0
10.0
0.34188855759989456
0.2404200584722991
0.16671664457479576
0.7507830416595362
0.13402000606407816
0.5136968193096332
0.7436358889908445
0.7594695355894081
0.7626609886542438
0.2516630370575655
0.13624021520532906
0.549585102993156
0.7522645819315097
0.1359450133865054
0.13576308374387328
0.7115829649317954
0.5249438785311517
0.5448451000630234
0.253993313054623
0.13127416650043122
0.5136169850463302
0.10770819819451463
0.23914600752289827
0.13443748808052636
0.17679908912041264
0.13833904946227638
0.7725200556162216
0.46945282628200025
0.5555623785280532
0.2417486592707124
0.22137569809568336
0.23884152614499893
0.2375863028964407
0.09397697204413032
0.2517478834676398
0.3614299398737376
0.0942602529096101
0.7603316387057412
0.24057259321143126
0.6452073047878767
0.35782382885185127
0.35774191745273837
0.35990509629802847
0.7596505852489388
0.24032611326815068
0.16643106101461916
0.5769038014929013
0.3206324981038286
10.0
0.10466363410530748
0.09354842605361208
0.3080765032425489
0.7444154239719077
0.09326566523069088
0.5352715121614227
0.586155498743037
0.5449492052428382
0.25221243940704086
0.1668466913385472
0.7241009165702658
0.6444737595443466
0.17607938432045936
0.5614290457863421
0.4692387457559515
0.24422063453944576
0.34124821311503856
0.534311897958679
0.2537527942382482
0.589869530292817
0.72409317245888
0.35973648705641464
0.24284850376578757
0.5351358661620097
0.7641486008096169
0.25254812333845633
0.7507198244827126
0.3580483170204031
0.722950702781694
0.5258469127104042
0.23804995602230847
10.0
0.36751138976610315
0.17355299802040913
0.17315328498687502
0.5126883692381332
0.5582052865767037
0.543070616667768
0.7953535525686591
0.2384778460352759
0.2254564814958704
0.23745384029730796
0.25389476202759176
0.6444325554121225
0.5573204036022534
0.6339781955454681
0.5135519390796665
0.359794759710784
0.7428839889470785
0.10672763071269907
0.1057196772608907
0.308198557621193
0.23999472015745701
0.5355652691607011
0.13426142817082434
0.5429899696121916
0.10695789989338883
0.2224724499053208
0.22578534664197314
0.8063242128549394
0.5360917329950076
0.10611981959324157
0.23663501985062413
0.6975392675109672
0.23820492841577895
0.17804701931033562
0.3193575654373696
0.8061557835113488
0.5346118184520772
0.3678551785008284
0.17383596243876379
0.5139729653761643
0.3205017513994954
0.3684641860505124
0.13732757463309844
0.5126732196571346
0.5433346159330756
0.2372152853315622
0.1740788522243864
10.0
0.1727050977446346
0.5879424453143929
0.6320638667240536
0.15727091228624887
0.35868714902527254
10.0
0.23787154804603874
0.6445309711616202
0.5605614575865069
0.10704071439502777
0.2610205562203945
0.33942678883466965
0.8352351093932853
0.5452575925030386
0.5126617276702657
0.3077131618323973
0.5226553718206541
0.23698686830578106
0.2252394432729247
0.5891834888056932
0.2568260288704811
0.5188152205725967
0.25445570154796154
0.513438306124853
0.3394208057732097
0.6024845850537753
0.25611792915473225
0.13849469925488958
0.5568924905059854
0.3192512250426788
0.2271030180213679
0.22880259029030678
0.09371389755580942
0.16903170353993333
0.2598894427034573
0.22791219766796567
0.22623522608160276
0.22597165597061558
0.25345312256765806
0.5898113704901392
0.2501829875116449
0.6313624492445153
0.14824819012145682
0.7160032703263117
0.2367498494090598
0.6982817982633905
0.5185504309119583
0.2530062679724044
0.17306146200141462
0.4734178070343922
0.5344460088282941
0.25642500655502887
0.8377120234046167
0.6019854850815117
0.35854380411294906
0.10716082703099265
0.10643464113382321
0.28619987454821355
10.0
0.30798481579471565
0.3691155946250355
0.5500318006219659
0.5451202080673871
0.1719451593659047
0.5907525843762795
0.13870573191828522
0.46953245738335897
0.8205770446899018
0.15813554206670521
0.2232165835202315
0.22138572253372255
0.17003234168788497
0.16811548290782916
0.15841548073035658
0.5321551765926679
0.36118048037125416
0.46962974406685376
0.4482944399033874
0.6976085129332763
0.6979254788004958
0.6206001955150822
0.1744598039892997
0.15764685089291597
0.3205901425953568
0.30143438606826384
0.3062469978129316
0.307634343523312
0.22288715458528377
0.5349585419087711
0.5902747983461129
0.13689164632129125
0.5220969163379684
0.22313986488839518
0.5897795586964343
0.7843263104237835
0.25618893555471894
0.3212100781190952
0.809044830166649
0.1717911351578384
0.513120390916258
0.5592911091407182
0.10692272397775092
0.13841082357165843
0.5761420800285441
0.22149538172182426
0.1389289337798471
0.5775837466622836
0.47516682329965393
0.30180522308488533
0.681712394658187
0.17171940627583082
0.19369287050698783
0.22531961623579905
0.6822200293105627
0.17131824755577302
0.13913486384172236
0.35872532776403443
0.6831697998402687
0.6371061133968946
0.7410768809369453
0.3584197854863108
0.5343283796520276
0.6021062298892449
0.4736233300498969
0.30667838749268383
0.22662471180414623
0.6813509961466858
0.13566904821502257
0.35931886932894364
0.4477030210340044
10.0
0.5237515345473511
0.5494471766959889
0.25346980742295094
0.3206726410833598
0.30758781120178125
0.2313167373836829
0.535693577488214
0.5856171369303149
0.6209415913893543
0.7182922060755325
0.19277319554384564
0.13667307239056206
0.1479363261332757
0.5577917335330819
0.5565015377836986
0.30105456296476346
0.3003182179589062
0.7372444273735788
0.23175790356009443
0.3398316955024588
0.2505065910090352
0.5177651380381819
0.3217753971809789
0.35928615443271256
0.47412681043065275
0.5667678500877672
0.22365799763802294
0.5175494323610754
0.5565082658975177
0.44782658800100733
0.30785937485384707
0.2514709238863532
10.0
0.637473743460322
0.5126419948078234
0.5597101487128062
0.7224198359974562
0.16817391364126472
0.25358404989249644
0.2503618691904764
0.6030732951935658
0.15741795991892915
0.13566103317287903
0.1356783727558289
0.3394429995972605
0.5174660985393599
0.3570642064867573
0.7385138961975071
0.34097285643236336
0.2282419211227092
0.22334888804029807
0.2320210907556106
0.16926278562849364
0.36011786725316625
0.231332270747131
0.16803991576783767
0.6477999988549904
0.7531502776982333
0.6313887520694625
0.2896643355500235
10.0
0.13932225833836012
0.15478744738593814
0.2603155943885585
0.764461254904136
0.6473832394361602
0.3007366477561686
0.23143447942609063
0.19393984665092034
0.5127026156877065
0.44757789610677173
0.22196878890405972
0.23156967387424057
0.13900883581196363
0.5428982369369838
0.2914474445858775
0.7090703520723393
0.2547341735731106
0.7153195985946659
0.7293557366427605
0.7054672663210932
0.6372325702919809
0.14060073706217463
0.3570031115286217
0.22216634294287455
0.22164448467135742
0.22769035089368206
0.17329748791884644
0.5587450485595821
10.0
0.2507390264798163
0.5179188012942306
0.273267242180059
0.14041839993968278
0.3593045099987794
0.23352884260305198
0.2560764992902255
0.5901689095026851
0.14798956409943465
0.560021809221151
0.35749598052694465
0.23637144973963695
0.6328883762109141
0.5193035736248002
0.4013120414498072
0.3188251190473406
0.25522137433873904
0.4638436560592037
10.0
0.6472387430319919
0.31712006147815497
0.2620202013457078
0.22173617223478784
0.31834250105741857
0.34025701199834385
0.2554266046045289
0.19708569059620115
0.19347845084787849
0.3012612605915377
0.26148662525389177
0.25498855460867037
0.6482803366916546
0.15459075165576408
0.3394899383871761
10.0
0.5584904184411208
0.8342747053731966
0.3163211769836096
0.6505348201632295
0.35724482699196763
0.5380900731817768
0.5441136769659332
0.16952938149418412
0.250195563221545
0.25014298006974084
0.17026028534344606
0.6476092636014883
0.5600333463486965
0.2925335165506858
0.2622403546221346
0.2214304711916402
0.585449724263424
0.25108204793863537
0.26686340690221516
0.7363159481000341
0.40210119411153183
0.23378426311684408
0.3668587399674682
0.2874837700809793
0.1692358731732173
0.2502092000696884
0.6035359553401441
0.23311377711556783
0.1427510920611145
0.5369715351868944
0.6839272991196963
0.14804806260168374
0.14371535688062617
0.6111243676599712
0.29202193136662014
0.2249935741448438
0.22414957931788115
0.3176510626440487
0.22847140019706097
0.17055449302700904
0.2932683926060983
0.2877628293395149
0.36632277159318477
0.3663963066802444
0.6018119540756274
0.6018073256751814
0.14239876925316194
0.2728374097380544
0.5385847696261233
0.5658910502421662
0.23459987773018096
0.22140823232806028
0.2836067510666859
0.25506014814089617
0.676060911625606
0.19306805866309795
0.8327177565460353
0.29192861833423994
0.2327857931807859
0.30495499621973726
0.2887495822789037
0.2557516983944828
0.1684996634448936
0.1718697953878575
0.19342670307313573
0.30056266541576576
0.2313636987872858
0.2231312402592714
0.46477330979952136
0.15731940889189786
0.15448998795529575
0.22183027551800244
0.22735164258027918
0.8006737700086232
0.2677335235001306
0.2653371627589845
0.23564327773939223
0.26170820181989957
0.26312325048203455
0.30724287136535144
0.6018270133463733
0.14256439837203697
0.660371216217379
0.3569544793853456
0.8103744687382369
0.22177417030969557
0.2943568811287699
0.5145387147483397
0.5160062780276343
0.24875506952291657
0.24789163545020476
0.7109190264960812
0.19503029812834324
0.5764227642936409
10.0
0.2497679893161362
0.15688070408168456
0.518309663778513
0.23332505787928942
0.29062408529039413
0.2646259693752224
0.28341560934479887
0.2549965244956876
0.7097914574759382
0.22449316575764056
0.7546330145449297
0.14638014280471467
0.2744355404449937
0.23487932048217322
0.6116847203804437
10.0
0.2721326059852846
0.23552892227365863
0.2638245779836618
0.14249443046770702
0.27538896817868913
0.23518244720628348
0.2876320826351817
0.28921300970138814
0.255246277427019
0.2668059921880207
0.5376009976475525
0.2846402164857222
0.2634634268066556
0.28348835432552055
0.5149212010650652
0.7100854397451107
0.14316534518981444
0.2698130533264738
0.2961801324216732
0.23404580160838867
0.17032855989441556
0.7348269800626526
0.26138172982324265
0.2849393240423505
0.2968872622775573
0.23233345152242924
0.14323937705551162
0.19286840509153055
0.7298961084004646
0.43555522986554157
0.2628047254986141
0.3040486649215344
0.6488385898793745
0.2729718366213054
0.8327391149930246
0.26385060987785114
0.263756077729309
0.23020235387716498
0.42815581667492064
0.14660196790453764
0.27425738071354633
0.2646933182822268
0.27075027116455685
0.23134152754802303
0.2740962672228987
0.2786621949375645
0.14293417362908065
0.2696186608689822
0.26250035783938486
0.2973638747512782
0.22744649095920186
0.2765296084880496
0.2313702462950493
0.4639846303635204
0.14286066108346004
0.6602477846435069
0.660210599505369
0.14096543240363338
0.14104149617776598
0.29833039747160145
0.4641225341192485
0.2718072853359761
0.2217214064362387
0.30554472216924905
0.46557677772000694
0.14759535922547853
0.14402968164257027
0.6605284687641073
0.3160867763617319
0.26455597892945343
0.2637710917726805
0.28385169559117585
0.6778558748574652
0.14419497252426242
0.1430093343006872
0.14248101939519514
0.56756858558125
0.233210070386284
0.28977690720764765
0.147098787940288
0.22753334688076898
0.2306828492149098
0.2880047929031868
0.630604520666271
0.1460744649965888
0.14024299430969886
0.7364134606314087
0.26458354609793705
0.26564988476681356
0.1708230988376815
0.5534050920077062
0.15419548603370495
0.2627333351716815
0.27257943799575035
0.5628998398607375
0.23558633705287646
0.29703236823980655
0.22432299812230774
0.7346611256449842
0.15381320232983733
0.2972488645723373
0.22741479206053744
0.45265229380752586
0.2735796248091836
0.26478638306978464
0.2938845353882202
0.23440690679218945
0.4509391067261452
0.15645586153400515
0.14340024201234408
0.2681440519450203
0.29885620652045247
0.297871756492505
0.5153079543606058
0.2692952149160213
0.2998698278437143
0.2966682823119324
0.23465216736643935
0.4517034928486919
0.8406844215101936
0.15299751911683257
0.1542643476735646
0.29926946695885576
0.4521399630220147
0.26490331230546926
0.3040856018148499
0.2819335277892953
0.28199823515753514
0.15550715146340938
0.7995035297553653
0.14244369867608123
0.5378790853122665
0.2970873671836431
0.27368754556104674
0.56223303360489
0.5621850336333821
0.2801530386105204
0.23574835379054654
0.29353139918110926
0.27719230541065915
0.14389301968893958
0.19482915479884888
0.1416274968654819
0.14189133848521251
0.2664159649652026
0.2765870683501455
0.70649901544074
0.23471434604760621
0.14678735281743444
0.15439227221862803
0.44654910396153985
0.27104800167045345
0.28163259195578916
0.282420097611375
0.14911742700358918
0.33729106188585684
0.26714361693011357
0.7304537518133589
0.14914702622500464
0.19324382495610665
0.15314285071021694
0.27955884194226366
0.2246853228557597
0.27063986680849883
0.22740133583289926
0.29001925513175464
0.22915254270699714
0.5417461934048956
0.14861004127516897
0.1411449917272515
0.8443973707674568
0.7533015249744043
0.14440618564921726
0.2691310986455987
0.2714155865065064
0.3036801083471634
0.45147591086763045
0.24646888614120244
0.2818070482443977
0.7104009158544032
0.15167106546273706
0.27392720643002183
0.4362363266712651
0.15241068287865955
0.7362575851354121
0.43388311299711774
0.4273496842407422
0.3043044011599696
0.143072890104834
0.5679596065780878
0.2684242846588541
0.2669352487804108
0.2624442074037035
0.2806930267302714
0.5167443165313484
0.4515719108106461
0.2474675831533598
0.1494846516101065
0.15018507625485158
0.14380223534363235
0.8019746884749187
0.4467658034849142
0.22952258932828787
0.19651542686736678
0.7366034283200119
0.23304735385252853
0.24797230504722023
0.15978508213058387
0.14687204129293904
0.5642535909807785
0.4513688029080407
0.14717690630879146
0.19410920132058404
0.15032706658563416
0.15615831164861374
0.1488215027749929
0.4016003565700082
0.28075739539893985
0.28258870656399604
0.14892800110425344
0.7009568110649804
0.14434179439576084
0.15217571872080557
0.14576887764321195
0.2683128643485784
0.2793007121208934
0.8165699065336081
0.29622144943448825
0.5174465462974227
0.2971582381904991
0.1413817620901576
0.2815514481215752
0.194372749901607
0.2716470749478545
0.27356553640977715
0.150685192614822
10.0
0.14434669373418949
0.14460954179664506
0.15333636304011078
0.19625244341178052
0.43458735249142927
0.2965512853074342
0.2766940182306691
0.30326499763230474
0.852596512889609
0.1443801085276534
0.19778695014116957
0.2668070533334888
0.28108483768895076
0.4512658040504949
0.2870449756829954
0.5197665502185036
0.14447369263528784
0.5625137628083685
0.5638787803130424
0.24707127864550363
0.14866224057227548
0.15356241032486356
0.33802119932619107
0.2959824432787204
0.15048759378212187
0.5647425754822682
0.274729274180351
0.2642104517295903
0.3028721032395869
0.24786034287542888
0.6998168702627127
0.14976434318490672
0.4586374257564142
0.19537880543649555
0.5624657855227961
0.2668106431732547
0.2986598492731051
0.2659310884964834
0.2705259403525892
0.1600006308845954
10.0
0.26880997735078815
0.27611524265215437
0.5625981803531153
0.2643518325311912
0.4339812802416996
0.26399765808851705
0.14925975596169494
0.14153854123776652
0.46331046418332633
0.4624774874961743
0.2988721914351636
0.4470194394681148
0.28644739201902497
0.5630569349063853
0.5413385999709674
0.28288094996344076
0.15178309540334198
0.15383015811588804
0.3370537495169387
0.2691943158224223
0.28064405603192033
0.28655016508648967
0.4505364815120815
0.19852295558047706
0.44275584822672487
0.27144559205181035
0.5626757794015421
0.2975698269211033
0.2820345624205215
0.14861859817882814
0.14169258801617118
0.3384969985308004
0.26432643269317296
0.2841833373801811
0.27745275989017965
0.8387465036507986
0.14871468828760004
0.45862254713507267
0.1420640116881936
0.19742001886235272
0.2994513749270272
0.3437619322389649
0.2308252910247072
0.22973172475389678
0.2812827752645712
0.15120312209413314
0.2481379340504981
0.16069405540104054
0.15406972900695226
0.15418650016357074
0.19607527781559383
0.33886900904606904
0.3390289492259148
0.2643330027712748
0.34404611620697073
0.2779408645530643
0.16045592980635975
0.2798195221251675
0.2790359672541403
0.33752469523182843
0.28428385269133066
0.8383565670994741
0.26947089075428104
0.2962979874458193
0.29801363389934776
0.5419556236031691
0.282973472889483
0.14908286071828045
0.1607885876940791
0.14860428398934056
0.19526682072326512
0.4343146382144971
0.5644915808933358
0.7364925498712518
0.338692317398088
0.26438156714573735
0.2660129095853437
0.277659277040945
0.563484892218553
0.26430805454231815
0.49800430460316486
0.23099834858812338
0.14895439434060068
0.14512397140687638
0.7000069509475039
10.0
0.44245348964549913
0.43408563381083304
0.29586960054584205
0.4506727146003846
0.15080187346118787
0.14433265047545973
0.33769565326249207
0.2963659007557784
0.2864785265147347
0.16061243747412451
0.15190878473352934
0.15321236706328387
0.3022032205126127
0.24669089186153062
0.2483924283423395
0.2757230259475721
0.2808423322637632
0.45120378352064233
0.5414320710824138
0.19542775359340755
0.4587184565944401
0.19520951879573895
0.26808735964782326
0.2843841422990969
0.5414753522348507
0.19418752285103177
0.4425445901489387
0.6524988662959155
0.3020023027420053
0.26582088744686605
0.19227881439065306
0.1557881073817461
0.27001257136041407
0.3025940833436865
0.563196983566737
0.4619086225936797
0.451100468591662
0.4504433491002065
0.28262250513990944
0.1538859021265334
0.4619862443280421
0.5636176030625082
0.30239420416265844
0.4510315618255753
0.28301228375666415
0.19217895379271077
0.1954464027328187
0.15385948640654568
0.6526961486814905
0.26426610538663414
0.1603021090492305
0.14896599920806045
0.20674277039858366
0.33712285940162073
0.563245051162562
0.3020850947022052
0.1509817940619405
0.15908689284521124
0.46259845815178713
0.2774814785505081
0.27564581068159466
0.2644104213436929
0.2813632416996424
0.16003388759899315
0.264446545444735
0.4512756930231551
0.6523082885434939
0.4509646870690715
0.15033903269410434
0.19723610239416328
0.8114507413904037
0.2699207709163927
0.3370188897594331
0.26576701730893887
0.30246563962304285
0.4511641147783096
0.14490824278374098
0.14899011205995566
0.14897591076550867
0.451008487541585
0.14896800861840573
0.4512859884064018
0.15883140514059121
0.14491174231325424
0.661861810056052
0.7566957804648873
0.8474892499152161
0.5650180509409877
0.4622635287372453
0.5632905065379428
0.8501626186367195
0.4343723871705489
0.2681811355599846
0.5635889612020185
0.43419922159607055
0.2661480775906517
0.2640982660363113
0.4465866143899828
0.27810281308843166
0.42757466514203224
0.8536052284154529
0.302958909454391
0.4510427174060307
0.45113163924037203
0.5413939624533072
0.4503965864803068
0.2462720927892577
0.15128314155847733
0.28156473734026943
0.24827233606591795
0.1505368287065976
0.8435327467668566
0.15266839915132108
0.6752505421233682
0.14527620804992675
0.15894869106564954
0.15292220936106102
0.15493752915411313
0.35193408594408104
0.5726924279285607
0.3023497715183767
0.3923652726060965
0.3519844565235957
0.3794987230674531
0.30246252391210315
0.3922981946298499
0.7760917583740669
0.35299746616467953
0.03547383669844837
0.1503204287820677
0.3930347428410003
0.46184190589456764
0.3585190816451743
10.0
0.004633279851166167
0.34371587401013626
0.2637428924324286
0.06401014626394139
0.003574549120263987
0.00032958749807811754
0.5457625848580436
0.36961455949316113
0.5897816584170321
0.6806303203308965
0.004087602503393127
0.2637331840802736
0.2637396412633348
0.39304354809062936
0.017184220524445737
0.2613451316294985
10.0
0.3696011484206493
0.27355402185257
0.2104502324771468
0.08824551981750414
0.2538070933137512
0.013151550807211806
0.082096406702331
0.012275743073921834
0.14308305000825208
0.2535223905314062
0.037603691848032486
0.2186100814103454
0.09744195047311399
0.31266801325806737
0.29307533240545314
0.09741311896109389
0.2135993295638973
0.14154443397452418
0.17491634562348884
0.09899016243356966
0.7220402164893893
0.30923775679481824
0.04646936234499751
0.38707232256237595
0.525545005463697
0.24620802447081497
0.1749051471521658
0.4338585033810346
0.0015458410634573694
0.8059324238597135
0.40066474293100424
0.0755606978721708
0.22912048256732231
0.5281787471011808
0.08032133525005954
0.5203607472480013
0.2501661898046604
0.18622888289926867
0.04110443307924928
0.11908648051056155
0.1817240694257836
0.1804050431614055
0.03893788957016481
4.24233278604103e-05
0.049018075795930614
0.6018405147291378
0.19515280395710288
0.02589825916806003
0.2819094827206633
0.00524768312055124
0.0008882469446631524
0.13568647810822504
0.3204812057447795
0.1005318486112962
0.034127694426709355
0.12155149810403848
0.08613153608070565
0.206000216512286
0.30234297566464335
0.09121103972084701
0.6181381118921925
0.233031888257894
0.23844124784153173
0.23456842722083532
0.2811989446931174
0.37801607768698053
0.2812033699027199
0.18398146529463275
0.019608126969134623
0.23743329464259208
0.37956133061394753
0.28123463989993264
0.15089909241199323
0.06263411148643541
0.25601775239865765
0.13427416191644168
0.06718651829687257
0.36254491116272847
0.19213896889224574
0.1529115211426652
0.0044399256292377695
0.02476972024470342
