3.9346920000000003e-13
3.5538750000000003e-13
3.8953170000000004e-14
9.70317e-15
2.478096e-13
2.2421250000000002e-13
4.327596e-13
1.750644e-13
9.309419999999999e-15
8.458595999999999e-14
8.756721e-14
1.4132789999999998e-14
3.754692e-15
3.234654e-13
1.5163559999999998e-13
1.817019e-13
1.287279e-13
1.484721e-13
1.4625e-14
1.365894e-13
3.474e-13
4.7657789999999996e-14
6.980625e-14
1.251279e-13
5.470317e-14
1.6020000000000001e-13
2.300625e-14
4.2075e-14
4.4324999999999997e-14
1.783125e-13
8.282817000000001e-15
2.79225e-13
7.339221e-14
8.166095999999999e-14
1.1109419999999998e-14
6.749999999999999e-16
1.64828e-13
2.6375e-14
2.28125e-14
1.9140599999999997e-14
3.39219e-14
2.3296900000000002e-14
1.225e-14
1.2051600000000001e-13
4.50922e-13
4.9718800000000003e-14
4.02031e-14
9.245310000000001e-14
1.25156e-14
1.2703100000000001e-14
3.58469e-13
1.2214100000000002e-13
4.43609e-13
1.1890600000000001e-14
7.77516e-13
8.8375e-14
1.03328e-13
2.2042199999999998e-13
4.14469e-13
4.3460900000000003e-13
4.58594e-14
1.28797e-13
2.3826599999999997e-13
1.27344e-13
1.78172e-13
7.40625e-15
1.45313e-14
5.13641e-13
2.86094e-14
1.27656e-14
4.26563e-14
4.20563e-13
6.717189999999999e-14
4.10813e-13
