3706000.0
3622.0
3706000.0
3706000.0
3619.0
3706000.0
3618.0
3706000.0
3615.0
3608.0
3610.0
3706000.0
3706000.0
3706000.0
3706000.0
3706000.0
3612.0
3605.0
3706000.0
3706000.0
3609.0
3706000.0
3706000.0
3583.0
3706000.0
3706000.0
3604.0
3599.0
3596.0
3706000.0
3706000.0
3706000.0
3706000.0
3706000.0
3586.0
3589.0
3706000.0
3602.0
3564.0
3565.0
3706000.0
3600.0
3706000.0
3706000.0
3706000.0
3706000.0
3568.0
3706000.0
3706000.0
3554.0
3706000.0
3706000.0
3706000.0
3537.0
3706000.0
3544.0
3581.0
3706000.0
3706000.0
3541.0
3706000.0
3553.0
3706000.0
3706000.0
3527.0
3706000.0
3530.0
3706000.0
3556.0
3706000.0
3706000.0
3552.0
3706000.0
3706000.0
3706000.0
3546.0
3562.0
3551.0
3526.0
3706000.0
3531.0
3706000.0
3516.0
3706000.0
3532.0
3518.0
3706000.0
3558.0
3706000.0
3567.0
3706000.0
3706000.0
3706000.0
3706000.0
3706000.0
3706000.0
3706000.0
3706000.0
3706000.0
3483.0
3706000.0
3506.0
3578.0
3525.0
3706000.0
3706000.0
3706000.0
3534.0
3488.0
3511.0
3706000.0
3706000.0
3706000.0
3706000.0
3494.0
3706000.0
3706000.0
3485.0
3706000.0
3446.0
3706000.0
3460.0
3508.0
3706000.0
3522.0
3512.0
3706000.0
3706000.0
3523.0
3706000.0
3487.0
3477.0
3500.0
3475.0
3550.0
3706000.0
3706000.0
3465.0
3706000.0
3497.0
3482.0
3706000.0
3492.0
3706000.0
3706000.0
3706000.0
3706000.0
3495.0
3467.0
3706000.0
3706000.0
3449.0
3706000.0
3442.0
3706000.0
3706000.0
3706000.0
3706000.0
3706000.0
3706000.0
3706000.0
3706000.0
3706000.0
3441.0
3409.0
3425.0
3412.0
3429.0
3453.0
3706000.0
3706000.0
3706000.0
3438.0
3706000.0
3464.0
3402.0
3706000.0
3434.0
3706000.0
3416.0
3417.0
3706000.0
3411.0
3706000.0
3706000.0
3436.0
3706000.0
3706000.0
3706000.0
3433.0
3431.0
3435.0
3706000.0
3706000.0
3706000.0
3706000.0
3706000.0
3706000.0
3405.0
3309.0
3706000.0
3706000.0
3706000.0
3706000.0
3706000.0
3706000.0
3706000.0
3358.0
3399.0
3386.0
3385.0
3387.0
3706000.0
3377.0
3706000.0
3362.0
3706000.0
3706000.0
3706000.0
3363.0
3357.0
3706000.0
3706000.0
3706000.0
3352.0
3706000.0
3706000.0
3384.0
3706000.0
3706000.0
3706000.0
3304.0
3706000.0
3706000.0
3350.0
3346.0
3706000.0
3706000.0
3706000.0
3706000.0
3706000.0
3706000.0
3706000.0
3354.0
3706000.0
3706000.0
3403.0
3706000.0
3706000.0
3706000.0
3706000.0
3706000.0
3326.0
3310.0
3327.0
3312.0
3322.0
3706000.0
3706000.0
3706000.0
3706000.0
3706000.0
3706000.0
3351.0
3323.0
3209.0
3706000.0
3316.0
3300.0
3706000.0
3706000.0
3301.0
3195.0
3298.0
3706000.0
3706000.0
3308.0
3706000.0
3706000.0
3706000.0
3706000.0
3706000.0
3292.0
3283.0
3241.0
3706000.0
3706000.0
3706000.0
3225.0
3706000.0
3706000.0
3243.0
3706000.0
3706000.0
3706000.0
3706000.0
3254.0
3294.0
3379.0
3290.0
3204.0
3706000.0
3706000.0
3325.0
3706000.0
3163.0
3706000.0
3706000.0
3706000.0
3706000.0
3706000.0
3212.0
3706000.0
3256.0
3177.0
3275.0
3233.0
3213.0
3220.0
3706000.0
3249.0
3706000.0
3706000.0
3157.0
3279.0
3706000.0
3706000.0
3248.0
3190.0
3265.0
3152.0
3706000.0
3706000.0
3706000.0
3219.0
3210.0
3706000.0
3061.0
3207.0
3706000.0
3706000.0
3706000.0
3706000.0
3706000.0
3075.0
3706000.0
3262.0
3706000.0
3253.0
3706000.0
3706000.0
3706000.0
3149.0
3148.0
3706000.0
3706000.0
3706000.0
3706000.0
3706000.0
3154.0
3169.0
3706000.0
3706000.0
3115.0
3138.0
3216.0
3130.0
3161.0
3183.0
3206.0
3181.0
3118.0
3039.0
3706000.0
3706000.0
3706000.0
3706000.0
3706000.0
3706000.0
3706000.0
3706000.0
3706000.0
3122.0
3706000.0
3706000.0
3053.0
2941.0
3706000.0
3048.0
3706000.0
3706000.0
3006.0
2961.0
3706000.0
3706000.0
3706000.0
3706000.0
3037.0
3706000.0
3144.0
2989.0
3020.0
3080.0
3016.0
3136.0
2963.0
3028.0
3706000.0
3094.0
3706000.0
3032.0
3068.0
3706000.0
3706000.0
3706000.0
3706000.0
3706000.0
2934.0
3706000.0
3074.0
3128.0
2931.0
3082.0
2821.0
3706000.0
3706000.0
3018.0
3706000.0
3706000.0
3706000.0
3706000.0
3706000.0
2983.0
2952.0
3706000.0
3706000.0
2975.0
3706000.0
3706000.0
2977.0
3706000.0
2867.0
2917.0
3017.0
3706000.0
3706000.0
3706000.0
3706000.0
3706000.0
3706000.0
3706000.0
3706000.0
2971.0
3706000.0
3706000.0
3706000.0
2933.0
2987.0
3706000.0
3706000.0
2891.0
3025.0
2875.0
2907.0
3706000.0
3706000.0
2822.0
2839.0
2974.0
2873.0
3706000.0
2877.0
2869.0
2863.0
3706000.0
2906.0
3008.0
3099.0
3706000.0
3706000.0
2824.0
3706000.0
3706000.0
2904.0
2816.0
2836.0
3706000.0
3706000.0
3706000.0
3706000.0
2870.0
2866.0
3706000.0
3706000.0
3706000.0
2643.0
3706000.0
3706000.0
2698.0
2757.0
2745.0
3706000.0
3706000.0
3706000.0
3706000.0
3706000.0
2733.0
2788.0
2884.0
2814.0
3706000.0
2585.0
2798.0
2783.0
2703.0
3706000.0
2872.0
3706000.0
3706000.0
2767.0
2721.0
2802.0
2707.0
2641.0
3706000.0
3706000.0
3706000.0
3706000.0
3706000.0
2791.0
2742.0
2685.0
3706000.0
3706000.0
2825.0
3706000.0
2658.0
2584.0
3706000.0
3706000.0
3706000.0
3706000.0
2690.0
2594.0
2806.0
3706000.0
3706000.0
3706000.0
3706000.0
2734.0
2603.0
3706000.0
2551.0
3706000.0
2444.0
3706000.0
2633.0
3706000.0
3706000.0
3706000.0
2655.0
3706000.0
3706000.0
2619.0
2693.0
2504.0
2539.0
3706000.0
2433.0
2469.0
3706000.0
3706000.0
2466.0
2519.0
2509.0
2555.0
3706000.0
2460.0
3706000.0
3706000.0
3706000.0
2606.0
3706000.0
3706000.0
2436.0
2369.0
2554.0
2439.0
2478.0
2348.0
2350.0
2696.0
2431.0
3706000.0
2458.0
3706000.0
3706000.0
3706000.0
3706000.0
2442.0
2522.0
3706000.0
3706000.0
3706000.0
2495.0
2353.0
2297.0
2309.0
2286.0
3706000.0
3706000.0
3706000.0
2316.0
3706000.0
3706000.0
3706000.0
2367.0
3706000.0
2398.0
2336.0
2343.0
3706000.0
3706000.0
2219.0
3706000.0
3706000.0
3706000.0
3706000.0
3706000.0
3706000.0
2329.0
2183.0
2231.0
2152.0
3706000.0
3706000.0
2214.0
3706000.0
2127.0
2151.0
2096.0
2072.0
3706000.0
3706000.0
2157.0
2208.0
3706000.0
2229.0
2184.0
2146.0
3706000.0
2162.0
2182.0
3706000.0
3706000.0
3706000.0
3706000.0
2130.0
3706000.0
3706000.0
3706000.0
2147.0
3706000.0
1973.0
3706000.0
2025.0
1988.0
3706000.0
3706000.0
2043.0
2023.0
3706000.0
3706000.0
3706000.0
1624.0
3706000.0
1821.0
3706000.0
3706000.0
1978.0
2060.0
3706000.0
3706000.0
3706000.0
3706000.0
3706000.0
3706000.0
1887.0
1964.0
3706000.0
2044.0
3706000.0
1923.0
1866.0
1838.0
1911.0
1812.0
3706000.0
1745.0
3706000.0
3706000.0
3706000.0
1904.0
1800.0
1779.0
1638.0
1706.0
3706000.0
3706000.0
1686.0
3706000.0
3706000.0
3706000.0
3706000.0
1607.0
1573.0
1430.0
1526.0
1354.0
1520.0
1611.0
1418.0
3706000.0
3706000.0
3706000.0
1311.0
1278.0
1550.0
3706000.0
1330.0
3706000.0
3706000.0
3706000.0
3706000.0
3706000.0
1234.0
1243.0
1150.0
1332.0
1080.0
1436.0
1210.0
1339.0
1135.0
967.0
1023.0
962.0
1137.0
1066.0
861.0
3706000.0
3706000.0
1132.0
1042.0
921.0
1084.0
1108.0
825.0
3706000.0
1019.0
3706000.0
1063.0
802.0
3706000.0
867.0
3706000.0
3706000.0
3706000.0
869.0
769.0
3706000.0
768.0
1114.0
943.0
759.0
3706000.0
3706000.0
1020.0
810.0
703.0
601.0
751.0
3706000.0
612.0
822.0
808.0
3706000.0
883.0
3706000.0
814.0
3706000.0
3706000.0
3706000.0
3706000.0
626.0
536.0
468.0
600.0
667.0
479.0
638.0
3706000.0
674.0
331.0
422.0
461.0
635.0
459.0
3706000.0
511.0
552.0
521.0
542.0
515.0
494.0
514.0
622.0
455.0
3706000.0
499.0
537.0
544.0
3706000.0
3706000.0
568.0
296.0
3573.0
2455.0
3055.0
1501.0
3044.0
1743.0
1469.0
912.0
1860.0
2472.0
652.0
1165.0
2844.0
2507.0
3588.0
2203.0
557.0
1742.0
712.0
697.0
1871.0
2702.0
640.0
1446.0
1727.0
2711.0
2624.0
2546.0
2473.0
1554.0
388.0
2409.0
2815.0
3481.0
1167.0
581.0
3117.0
3197.0
3398.0
3238.0
321.0
2647.0
3132.0
2775.0
1195.0
22.0
3432.0
2699.0
3100.0
2587.0
1647.0
2897.0
929.0
1908.0
3201.0
451.0
1491.0
1567.0
1134.0
3014.0
2135.0
2030.0
2055.0
963.0
1123.0
3178.0
1726.0
60.0
2901.0
3259.0
477.0
3469.0
263.0
991.0
2970.0
1535.0
2022.0
1161.0
2038.0
1257.0
476.0
