2.4192200000000003e-12
2.09033e-12
1.83352e-12
1.55872e-12
1.67497e-12
7.97422e-13
1.6991599999999998e-12
1.62939e-12
1.5963e-12
1.50389e-12
8.802340000000001e-13
7.62875e-13
1.12672e-12
1.27091e-12
8.28281e-13
1.16316e-12
1.19863e-12
1.6673400000000002e-12
1.20588e-12
6.80375e-13
8.85109e-13
6.065e-13
9.48953e-13
1.20258e-12
9.182190000000001e-13
9.372190000000001e-13
1.07894e-12
1.5550799999999999e-12
1.0829799999999999e-12
5.60391e-13
1.2329999999999999e-12
7.85984e-13
1.25486e-12
9.61188e-13
6.60828e-13
1.2292e-12
1.0615e-12
1.1199700000000001e-12
9.18656e-13
1.3953299999999999e-12
6.944060000000001e-13
9.653280000000001e-13
7.18703e-13
8.546879999999999e-13
9.354530000000001e-13
5.92516e-13
9.637969999999999e-13
5.24391e-13
5.60766e-13
4.52516e-13
1.09906e-12
4.59656e-13
8.77359e-13
9.82594e-13
8.31203e-13
9.609999999999998e-13
1.01655e-12
5.386880000000001e-13
8.81984e-13
3.6075e-13
7.30484e-13
7.83953e-13
8.22078e-13
5.68187e-13
4.2254700000000004e-13
7.54938e-13
9.649690000000001e-13
3.32375e-13
4.61609e-13
5.492029999999999e-13
7.89078e-13
3.24953e-13
4.235e-13
5.393279999999999e-13
4.94297e-13
3.21656e-13
6.64766e-13
6.25641e-13
5.12234e-13
5.92313e-13
5.52422e-13
4.36891e-13
6.38031e-13
9.41484e-13
1.0890299999999999e-12
5.14516e-13
4.4171899999999994e-13
6.57203e-13
4.0092199999999997e-13
4.44641e-13
7.536560000000001e-13
3.93375e-13
5.67641e-13
5.255e-13
4.911720000000001e-13
7.22875e-13
4.937659999999999e-13
4.15547e-13
4.4920299999999996e-13
4.07281e-13
4.5034399999999996e-13
3.11e-13
3.13906e-13
5.26766e-13
4.48922e-13
5.16563e-13
6.20563e-13
4.82328e-13
2.61094e-13
5.569220000000001e-13
5.08141e-13
2.76938e-13
3.5514099999999996e-13
3.48875e-13
4.56578e-13
3.35063e-13
5.15516e-13
3.15469e-13
5.33281e-13
4.25578e-13
2.4217199999999996e-13
3.50641e-13
3.31672e-13
3.61375e-13
3.71188e-13
3.61578e-13
4.2579700000000005e-13
6.23641e-13
4.10891e-13
5.64406e-13
4.2971899999999994e-13
3.56891e-13
5.28453e-13
3.34297e-13
5.41688e-13
2.5085900000000003e-13
2.9101599999999997e-13
3.4993800000000003e-13
4.78906e-13
3.99188e-13
3.74953e-13
5.15609e-13
3.405e-13
3.01563e-13
5.314840000000001e-13
4.20297e-13
3.2856300000000003e-13
4.4746899999999994e-13
4.75641e-13
2.1981300000000001e-13
4.80922e-13
2.68594e-13
4.2146899999999995e-13
1.60375e-13
4.4928100000000005e-13
3.49734e-13
2.59375e-13
3.41359e-13
5.27766e-13
1.2364100000000001e-13
2.7631300000000003e-13
2.04703e-13
2.01031e-13
3.4675e-13
2.75469e-13
1.69484e-13
4.20672e-13
2.52625e-13
2.1934400000000001e-13
2.9029699999999997e-13
4.41766e-13
2.50344e-13
2.52938e-13
1.85422e-13
2.3025e-13
3.81094e-13
1.38797e-13
1.35406e-13
4.3967200000000003e-13
3.41781e-13
3.21172e-13
2.20469e-13
1.83641e-13
2.23625e-13
3.0198400000000003e-13
2.65688e-13
3.7799999999999995e-13
2.575e-13
2.81e-13
1.53766e-13
3.04734e-13
1.80797e-13
2.44156e-13
2.1231300000000002e-13
2.57375e-13
2.55125e-13
2.19625e-13
2.4170300000000004e-13
2.525e-13
3.96625e-13
2.1817199999999999e-13
2.95328e-13
2.61719e-13
2.3664099999999996e-13
1.65859e-13
2.98188e-13
1.3975e-13
2.45484e-13
2.7207800000000004e-13
4.02484e-13
1.45969e-13
2.4551599999999996e-13
1.4e-13
1.99531e-13
1.65109e-13
1.92844e-13
2.5579699999999997e-13
2.29281e-13
2.70469e-13
2.56156e-13
2.68156e-13
2.45094e-13
1.85344e-13
2.35625e-13
2.16969e-13
2.9020300000000003e-13
3.24969e-13
2.08828e-13
1.4067200000000001e-13
1.5053099999999999e-13
1.64594e-13
1.6328099999999998e-13
2.13516e-13
1.97656e-13
1.68031e-13
2.23719e-13
1.49469e-13
1.8621900000000002e-13
2.08281e-13
1.8325e-13
6.645310000000001e-14
1.8426600000000002e-13
1.46906e-13
2.67578e-13
1.14219e-13
1.45297e-13
1.48078e-13
1.80141e-13
2.71438e-13
4.01797e-13
1.83219e-13
1.86828e-13
2.1804699999999997e-13
1.35531e-13
1.92047e-13
1.56844e-13
1.39125e-13
1.4231300000000002e-13
2.0020299999999999e-13
1.69906e-13
1.70063e-13
1.7140599999999999e-13
1.5456300000000002e-13
1.14641e-13
3.12859e-13
1.01188e-13
1.0726600000000001e-13
1.19891e-13
1.73031e-13
1.7573399999999999e-13
2.61813e-13
1.0746900000000001e-13
1.92313e-13
1.22344e-13
2.28453e-13
9.12031e-14
8.07969e-14
1.4070299999999999e-13
6.10469e-14
1.12344e-13
1.7329700000000001e-13
1.0301600000000001e-13
1.44891e-13
2.3199999999999997e-13
9.342189999999999e-14
9.99844e-14
6.95e-14
1.46047e-13
1.24375e-13
1.22125e-13
1.47172e-13
7.56563e-14
7.1875e-14
1.4376600000000002e-13
8.576560000000001e-14
1.3293800000000002e-13
1.0575e-13
1.48953e-13
8.335939999999999e-14
1.38031e-13
8.49688e-14
1.4800000000000003e-13
9.77656e-14
6.645310000000001e-14
6.948439999999999e-14
1.3606300000000002e-13
5.55938e-14
1.23344e-13
9.56875e-14
7.30625e-14
1.91672e-13
8.435939999999999e-14
7.76563e-14
1.085e-13
6.920310000000001e-14
1.46656e-13
1.86406e-13
9.97031e-14
8.970310000000001e-14
8.28438e-14
4.93594e-14
6.94688e-14
9.426560000000001e-14
8.81875e-14
7.25625e-14
4.45469e-14
6.04844e-14
5.84063e-14
6.37656e-14
5.2718799999999997e-14
6.58906e-14
6.779689999999999e-14
6.42188e-14
3.38438e-14
7.80938e-14
8.89688e-14
9.00469e-14
4.77344e-14
7.18125e-14
6.4625e-14
7.08125e-14
6.33438e-14
6.23438e-14
6.07969e-14
6.17813e-14
5.02344e-14
1.11672e-13
6.04688e-14
5.55625e-14
5.4875e-14
8.01406e-14
6.57188e-14
5.4578099999999994e-14
9.426560000000001e-14
4.37656e-14
6.382809999999999e-14
8.86875e-14
5.6421900000000006e-14
1.0054700000000001e-13
3.18437e-14
5.14375e-14
6.20469e-14
3.4218800000000006e-14
2.925e-14
3.74375e-14
4.83594e-14
5.979690000000001e-14
3.55156e-14
5.67031e-14
7.5e-14
3.4406300000000005e-14
5.740620000000001e-14
2.74531e-14
3.35e-14
3.7031300000000007e-14
3.64688e-14
5.10469e-14
4.9531300000000004e-14
2.31875e-14
3.85781e-14
3.4703100000000003e-14
1.53906e-14
2.83438e-14
2.0593799999999998e-14
3.0484399999999997e-14
4.07344e-14
2.87969e-14
2.13594e-14
4.63594e-14
1.2e-14
2.85e-14
3.16719e-14
2.63125e-14
1.7421900000000002e-14
1.3609399999999999e-14
2.0046900000000003e-14
8.98438e-15
6.5e-15
2.2031299999999998e-14
1.08906e-14
6.54688e-15
5.76563e-15
4.96875e-15
4.5e-15
3.53125e-15
5.1875e-15
4.6875e-15
5.6875e-15
3.26563e-15
1.09531e-14
3.78125e-15
2.2968800000000004e-15
2.125e-14
3.79688e-15
6.23438e-15
7.95313e-15
1.4375e-15
