0.0
-2030.326
0.0
0.0
-2114.372
0.0
-2144.91
0.0
-2274.329
-2341.348
-2313.671
0.0
0.0
0.0
0.0
0.0
-2295.109
-2355.636
0.0
0.0
-2332.622
0.0
0.0
-2553.521
0.0
0.0
-2360.628
-2419.976
-2447.082
0.0
0.0
0.0
0.0
0.0
-2505.861
-2494.888
0.0
-2380.188
-2629.245
-2628.951
0.0
-2415.937
0.0
0.0
0.0
0.0
-2627.228
0.0
0.0
-2705.838
0.0
0.0
0.0
-2797.641
0.0
-2771.268
-2557.889
0.0
0.0
-2782.321
0.0
-2711.256
0.0
0.0
-2835.133
0.0
-2832.499
0.0
-2697.575
0.0
0.0
-2719.424
0.0
0.0
0.0
-2748.504
-2649.111
-2719.963
-2837.34
0.0
-2826.094
0.0
-2896.147
0.0
-2823.859
-2891.844
0.0
-2691.588
0.0
-2627.534
0.0
0.0
0.0
0.0
0.0
0.0
0.0
0.0
0.0
-3055.862
0.0
-2943.249
-2579.456
-2840.217
0.0
0.0
0.0
-2820.596
-3039.09
-2909.796
0.0
0.0
0.0
0.0
-3015.204
0.0
0.0
-3041.959
0.0
-3220.355
0.0
-3146.554
-2922.156
0.0
-2873.932
-2909.627
0.0
0.0
-2843.87
0.0
-3039.643
-3078.444
-2970.858
-3091.234
-2722.57
0.0
0.0
-3127.066
0.0
-2995.974
-3057.546
0.0
-3021.556
0.0
0.0
0.0
0.0
-3013.363
-3115.603
0.0
0.0
-3196.459
0.0
-3229.857
0.0
0.0
0.0
0.0
0.0
0.0
0.0
0.0
0.0
-3230.59
-3356.227
-3285.174
-3351.077
-3273.952
-3172.156
0.0
0.0
0.0
-3245.286
0.0
-3131.097
-3384.029
0.0
-3260.28
0.0
-3333.179
-3325.48
0.0
-3351.204
0.0
0.0
-3249.016
0.0
0.0
0.0
-3268.124
-3271.15
-3252.829
0.0
0.0
0.0
0.0
0.0
0.0
-3370.619
-3726.507
0.0
0.0
0.0
0.0
0.0
0.0
0.0
-3545.065
-3386.273
-3431.871
-3432.043
-3430.801
0.0
-3463.851
0.0
-3534.981
0.0
0.0
0.0
-3534.53
-3557.138
0.0
0.0
0.0
-3572.318
0.0
0.0
-3434.748
0.0
0.0
0.0
-3746.159
0.0
0.0
-3581.43
-3594.367
0.0
0.0
0.0
0.0
0.0
0.0
0.0
-3560.543
0.0
0.0
-3375.91
0.0
0.0
0.0
0.0
0.0
-3656.45
-3721.676
-3655.345
-3718.384
-3682.539
0.0
0.0
0.0
0.0
0.0
0.0
-3575.607
-3678.082
-4022.621
0.0
-3708.061
-3757.905
0.0
0.0
-3754.248
-4073.686
-3763.347
0.0
0.0
-3727.471
0.0
0.0
0.0
0.0
0.0
-3784.874
-3803.475
-3931.676
0.0
0.0
0.0
-3975.965
0.0
0.0
-3929.273
0.0
0.0
0.0
0.0
-3907.853
-3783.528
-3457.459
-3787.256
-4056.499
0.0
0.0
-3671.705
0.0
-4175.882
0.0
0.0
0.0
0.0
0.0
-4009.571
0.0
-3901.95
-4137.196
-3830.764
-3946.928
-4008.504
-3987.927
0.0
-3913.163
0.0
0.0
-4190.693
-3810.955
0.0
0.0
-3915.128
-4084.836
-3871.791
-4215.18
0.0
0.0
0.0
-3992.381
-4011.454
0.0
-4497.235
-4034.832
0.0
0.0
0.0
0.0
0.0
-4451.26
0.0
-3885.202
0.0
-3907.909
0.0
0.0
0.0
-4224.352
-4224.753
0.0
0.0
0.0
0.0
0.0
-4203.287
-4157.736
0.0
0.0
-4322.922
-4250.734
-4001.238
-4277.327
-4179.456
-4118.917
-4042.293
-4125.163
-4312.467
-4561.725
0.0
0.0
0.0
0.0
0.0
0.0
0.0
0.0
0.0
-4306.754
0.0
0.0
-4522.706
-4827.347
0.0
-4544.046
0.0
0.0
-4635.692
-4777.696
0.0
0.0
0.0
0.0
-4566.541
0.0
-4233.587
-4693.573
-4601.752
-4441.049
-4611.452
-4263.079
-4772.574
-4581.214
0.0
-4401.666
0.0
-4579.278
-4474.887
0.0
0.0
0.0
0.0
0.0
-4853.868
0.0
-4454.992
-4285.31
-4854.976
-4432.622
-5156.765
0.0
0.0
-4602.512
0.0
0.0
0.0
0.0
0.0
-4705.388
-4801.425
0.0
0.0
-4732.682
0.0
0.0
-4725.619
0.0
-5028.736
-4876.964
-4608.136
0.0
0.0
0.0
0.0
0.0
0.0
0.0
0.0
-4741.516
0.0
0.0
0.0
-4854.501
-4700.098
0.0
0.0
-4945.236
-4591.487
-5012.886
-4908.759
0.0
0.0
-5155.854
-5110.013
-4737.959
-5017.272
0.0
-5006.202
-5026.522
-5044.517
0.0
-4911.095
-4633.787
-4375.987
0.0
0.0
-5137.658
0.0
0.0
-4912.733
-5177.302
-5115.817
0.0
0.0
0.0
0.0
-5023.924
-5031.685
0.0
0.0
0.0
-5701.059
0.0
0.0
-5526.862
-5352.52
-5377.37
0.0
0.0
0.0
0.0
0.0
-5429.973
-5264.759
-4973.646
-5179.932
0.0
-5853.884
-5227.126
-5274.666
-5500.746
0.0
-5020.662
0.0
0.0
-5314.448
-5453.038
-5212.142
-5488.164
-5708.763
0.0
0.0
0.0
0.0
0.0
-5247.997
-5395.023
-5561.98
0.0
0.0
-5135.477
0.0
-5652.171
-5859.069
0.0
0.0
0.0
0.0
-5551.373
-5831.961
-5207.184
0.0
0.0
0.0
0.0
-5429.967
-5822.524
0.0
-5984.743
0.0
-6285.955
0.0
-5726.513
0.0
0.0
0.0
-5661.826
0.0
0.0
-5778.63
-5542.74
-6121.227
-6014.59
0.0
-6325.069
-6220.35
0.0
0.0
-6223.195
-6076.746
-6115.456
-5971.957
0.0
-6237.835
0.0
0.0
0.0
-5814.098
0.0
0.0
-6307.48
-6500.928
-5973.6
-6295.097
-6186.357
-6560.073
-6559.381
-5533.276
-6327.769
0.0
-6239.979
0.0
0.0
0.0
0.0
-6292.467
-6073.135
0.0
0.0
0.0
-6149.773
-6553.873
-6702.945
-6683.075
-6731.77
0.0
0.0
0.0
-6658.018
0.0
0.0
0.0
-6505.16
0.0
-6400.396
-6587.613
-6566.151
0.0
0.0
-6980.476
0.0
0.0
0.0
0.0
0.0
0.0
-6610.84
-7103.13
-6939.436
-7217.526
0.0
0.0
-6988.459
0.0
-7288.944
-7220.763
-7392.587
-7494.373
0.0
0.0
-7194.351
-7032.218
0.0
-6946.838
-7093.703
-7230.889
0.0
-7190.978
-7106.212
0.0
0.0
0.0
0.0
-7281.892
0.0
0.0
0.0
-7229.574
0.0
-7862.683
0.0
-7676.939
-7795.017
0.0
0.0
-7599.169
-7678.332
0.0
0.0
0.0
-9458.656
0.0
-8533.826
0.0
0.0
-7834.506
-7520.037
0.0
0.0
0.0
0.0
0.0
0.0
-8248.787
-7903.668
0.0
-7596.293
0.0
-8101.093
-8344.028
-8451.553
-8142.259
-8564.154
0.0
-8843.152
0.0
0.0
0.0
-8168.381
-8610.793
-8724.169
-9412.303
-9105.084
0.0
0.0
-9190.506
0.0
0.0
0.0
0.0
-9589.06
-9760.602
-10535.814
-10055.255
-10885.366
-10084.755
-9574.794
-10585.358
0.0
0.0
0.0
-11170.6
-11357.465
-9902.557
0.0
-11082.257
0.0
0.0
0.0
0.0
0.0
-11772.149
-11653.579
-12502.835
-11080.898
-13275.007
-10508.883
-12039.236
-10972.362
-12711.236
-14310.677
-13859.555
-14391.643
-12701.835
-13388.077
-15604.651
0.0
0.0
-12741.357
-13695.738
-14894.703
-13239.639
-12871.986
-16111.69
0.0
-13902.837
0.0
-13417.67
-16481.093
0.0
-15556.923
0.0
0.0
0.0
-15548.392
-17097.431
0.0
-17106.471
-12830.452
-14648.509
-17249.968
0.0
0.0
-13884.073
-16326.304
-18369.824
-20504.629
-17348.599
0.0
-20292.204
-16213.061
-16334.557
0.0
-15353.272
0.0
-16270.123
0.0
0.0
0.0
0.0
-20135.647
-21501.334
-22813.1
-20514.842
-19021.576
-22621.255
-19910.162
0.0
-18849.871
-26940.454
-24017.801
-23022.32
-19960.195
-23049.042
0.0
-22007.916
-21303.593
-21836.211
-21420.283
-21934.704
-22398.537
-21952.629
-20171.169
-23166.47
0.0
-22257.077
-21497.585
-21384.63
0.0
0.0
-21058.745
-28433.256
-2591.479
-6246.157
-4510.356
-10212.387
-4556.76
-8858.596
-10380.907
-15057.29
-8366.52
-6203.127
-19541.872
-12385.258
-5089.562
-6117.04
-2495.598
-7045.647
-21244.635
-8872.004
-18281.128
-18518.693
-8337.051
-5504.187
-19818.37
-10477.823
-8939.655
-5473.907
-5770.036
-5997.946
-6201.452
-9883.666
-24893.275
-6381.659
-5179.272
-3059.453
-12383.674
-20777.646
-4312.564
-4069.13
-3386.685
-3939.713
-27250.025
-5677.484
-4270.774
-5298.766
-12110.035
-95330.495
-3268.45
-5520.147
-4375.816
-5852.13
-9363.84
-4928.587
-14779.404
-8154.886
-4061.598
-23261.057
-10260.851
-9804.531
-12720.505
-4615.799
-7255.086
-7652.848
-7549.755
-14382.718
-12794.076
-4131.691
-8960.311
-81821.698
-4918.683
-3895.32
-22640.898
-3106.705
-30779.541
-14112.23
-4756.026
-9993.865
-7682.775
-12433.904
-7614.509
-11561.162
-22672.217
