-5179.272
-3059.453
-12383.674
-20777.646
-4312.564
-4069.13
-3386.685
-3939.713
-27250.025
-5677.484
-4270.774
-5298.766
-12110.035
-95330.495
-3268.45
-5520.147
-4375.816
-5852.13
-9363.84
-4928.587
-14779.404
-8154.886
-4061.598
-23261.057
-10260.851
-9804.531
-12720.505
-4615.799
-7255.086
-7652.848
-7549.755
-14382.718
-12794.076
-4131.691
-8960.311
-81821.698
-4918.683
-3895.32
-22640.898
-3106.705
-30779.541
-14112.23
-4756.026
-9993.865
-7682.775
-12433.904
-7614.509
-11561.162
-22672.217
-9021.223
-4681.764
-6687.66
-9840.179
-10254.158
-8606.336
-17186.625
-9644.041
-6605.09
-5939.568
-3945.968
-6191.527
-7328.313
-4106.024
-7463.408
-4419.179
-15839.71
-22739.876
-7164.122
-12801.204
-4534.539
-4162.21
-4975.302
-9743.572
-10889.408
-5358.657
-6685.489
-8578.179
-3465.736
-10603.685
-12470.391
-6450.253
-7762.496
-45754.105
-6565.372
-10814.738
-10633.211
-29520.059
-13281.961
-4544.288
-8672.853
-22693.999
-9519.479
-9389.738
-12628.258
-17666.581
-4034.756
-15417.546
-5965.756
-14501.183
-20313.429
-23579.107
-12489.994
-6228.518
-21613.248
-11812.001
-10615.241
-11177.667
-6067.002
-3868.251
-13791.725
-6158.442
-21734.805
-5449.523
-8774.016
-4354.667
-10871.104
-50699.831
-4081.358
-6490.64
-5631.602
-13797.565
-43336.699
-6654.363
-4795.221
-4503.49
-12152.08
-14060.22
-22828.014
-10258.86
-7725.574
-8476.727
-9408.875
-21989.162
-9603.01
-13993.943
-19611.21
-6075.463
-14640.7
-24798.879
-12026.303
-6778.969
-11481.494
-15496.907
-24630.543
-5476.793
-6473.674
-7860.542
-8731.724
-11254.971
-22790.736
-17397.038
-11642.687
-14776.208
-24246.555
-9617.855
-13340.797
-9271.61
-13259.215
-8222.64
-4915.011
-26829.819
-9430.002
0.0
-5983.068
-5311.36
-6976.346
-10087.331
-4652.696
-7367.172
0.0
-20736.186
-8143.36
-9244.965
-86879.728
-6717.123
-4840.055
-8000.052
-10790.968
-7739.723
-17715.095
-17678.285
-6588.252
-12787.752
-8148.403
-4691.177
-8842.78
-15066.426
-14260.065
-11130.589
-9298.716
0.0
-15699.261
-13386.772
-32761.915
-7989.452
-25492.844
-6210.825
-14000.266
-5725.359
-8424.912
-15334.586
-9269.298
-6724.48
-13865.55
-6599.964
-8037.716
-15590.049
-7781.267
-13777.637
-10629.638
-20611.88
-27148.896
-6340.803
-7390.738
-17167.941
-34526.985
-8318.03
-10521.286
-5959.332
-25497.356
-11318.101
-12071.237
-6596.258
-6141.517
-8382.63
-10599.998
-6985.419
-6885.936
-7653.223
-8888.791
-11285.61
-8734.832
-25108.918
-4417.474
-11557.022
-7061.544
-28812.471
-10934.231
-10815.57
-10870.936
-11634.739
-4881.216
-8072.372
-6249.78
-14714.887
-14687.448
-24652.96
-4501.117
-13582.865
-22512.251
-7387.514
-9496.636
-8247.233
-16033.642
-5061.142
-4811.47
-14470.901
-7088.75
-4986.05
-14259.904
-9129.597
-10191.807
-5826.739
-5280.054
-26799.492
-4857.477
-6897.841
-12166.877
-12026.905
-4722.779
-9945.639
-16320.084
-9875.339
-7144.742
-12784.854
-5720.592
-12087.097
-7819.374
-7706.463
-14646.41
-4618.277
-9475.46
-10764.261
-10235.924
-8880.216
-7687.006
-15532.249
-4965.462
-20974.595
-57340.614
-5072.127
-7151.232
-10424.911
-12835.935
-6694.516
-7896.759
-4814.233
-4215.726
-11120.634
-10510.187
-33186.677
-14140.639
-18925.954
-12893.773
-5551.536
-6400.333
-8363.194
-20361.11
-18782.11
-6979.139
-21084.919
-12768.556
-9421.476
-10688.984
-8682.28
-11928.249
-14964.83
-12048.289
-18576.641
-9441.718
-6984.778
-10924.194
-12525.461
-11424.207
-20439.635
-8414.238
-92013.713
-32394.652
-8759.142
-31007.353
-5254.043
-8804.455
-8810.741
-5822.937
-5697.362
0.0
-23392.439
-6004.49
-5458.512
-8275.743
-8174.029
-4228.88
-9472.889
-10235.613
-23005.138
-10379.004
-8199.716
-9350.19
-10761.267
-36117.083
-10459.265
-9204.338
0.0
-23792.919
-15935.485
-20183.83
-22256.86
-7124.374
-6584.557
-12735.69
-26739.988
-21155.453
-5210.156
-3959.105
-8548.311
-23323.626
-6456.013
-11787.703
-8435.717
-10321.824
-14731.136
-4693.411
-8033.346
-5449.995
-20261.86
-12420.105
-5302.685
-10683.213
-15225.615
-8689.826
-14186.859
-7370.649
-10764.497
-11674.914
-5001.102
-87184.446
-7573.611
-11515.287
-11306.194
-7797.856
-7052.532
-21052.573
-12400.697
-7721.111
-4868.22
-8722.746
-83920.756
-6685.944
-11952.97
-23093.613
-9451.924
-8284.221
-31307.784
-4395.787
-8340.798
-10045.827
-10686.516
-8381.85
-18760.835
-86688.443
-16994.317
-6827.424
-39481.927
-10987.766
-4851.935
-6536.551
0.0
-5515.952
-10284.428
-6639.627
-22910.622
-7241.839
-10733.504
-31334.082
-26825.402
-5272.528
-4561.651
-11187.436
-8042.061
-8505.925
-11781.238
-4580.699
-84277.193
0.0
-22512.491
-21881.956
-6046.804
-4337.821
-15845.981
-19591.199
-9494.655
-17790.694
-11020.164
-38319.796
-9595.195
-15256.334
-21291.918
-9915.958
-5612.095
-30723.79
-6390.298
0.0
-16530.332
-6968.932
-7873.536
-10257.133
-4480.246
-9136.453
-6224.499
-18164.283
-8558.043
-9685.353
-26243.546
-20780.269
-40414.884
-32097.153
-9019.462
-22548.629
-4241.331
-12182.862
-14134.383
-13985.966
-6941.258
-7856.015
-21253.714
-8563.308
-39123.937
-6222.201
-30206.557
-11467.401
-10336.976
-3247.766
-6694.232
-9109.085
-6980.886
-10117.073
-6565.08
-11251.662
-13497.725
-18269.548
-24160.816
-9401.636
-7511.035
-18657.104
-15683.309
-7731.12
-8441.805
-5051.333
-4414.457
-7266.18
-9181.761
0.0
-17031.653
-10541.261
-8719.292
-18071.162
0.0
-40195.873
-13566.203
-8265.377
-8780.161
-9179.12
-41879.773
-7571.439
-7187.378
-6416.266
-32054.603
-4082.919
-5844.841
-6451.385
0.0
-4874.701
-22311.165
-9602.87
-20155.697
-15633.947
-24223.585
-20053.425
-17721.171
-13431.965
-14031.344
-5657.066
-43467.955
-15306.958
-7161.583
-5709.697
-45019.099
-20020.653
-24695.731
-5271.838
-6505.801
-7937.897
-10709.685
-89912.136
-42174.871
-7750.998
-6709.916
-5934.76
-9492.719
-43830.997
-14823.316
-7942.447
-26595.909
-7719.664
-6556.376
-36678.092
0.0
-5863.82
-7375.775
-9296.469
-19977.875
-5829.374
-19040.743
0.0
-21925.344
-9971.074
-12241.786
-13829.656
-17529.739
-10469.746
-7677.171
-10875.852
-5407.498
-20523.983
-4415.968
-12250.37
-5000.617
-48548.593
-20220.189
-6695.559
-6344.75
-4904.64
-5129.963
-8295.532
-8918.403
0.0
-18796.013
-6570.931
-18800.171
-13951.778
-18798.909
-36113.53
-20709.49
-7284.835
-8501.243
-17260.429
-7512.533
-8431.694
-4856.988
-32973.238
-10140.07
-5114.015
-16893.861
-34048.513
-19552.231
-6844.598
-19712.301
-4797.744
-4915.392
-21379.307
-11347.706
-18304.04
-31390.198
-4898.032
-39241.876
-6994.338
-25052.968
-101728.628
-4797.296
-7576.893
-7310.458
-11179.363
-3973.02
-15242.922
-11635.055
-7563.691
-8517.918
-12111.221
-8435.659
-4965.011
-9315.412
-8247.093
-6510.414
-10952.488
0.0
-9306.959
-6107.195
-4076.014
-13209.027
-6964.611
-28849.418
-8967.158
-10190.005
-6635.574
-12161.722
-12189.801
-16498.008
-6777.426
-22195.256
-6714.75
-5578.966
-7034.91
-6246.986
-8319.635
-15061.446
-9917.373
-9322.045
-20174.927
-5085.441
-24687.242
-15901.725
-9264.428
-11247.339
-6994.109
-7297.42
-8423.604
-10133.544
-4060.649
-12540.8
0.0
-10579.17
-4596.716
-10506.491
-20546.183
-13970.483
-23264.439
-8693.097
-7636.513
-4714.799
-5465.463
-44658.207
-9537.805
-13767.584
-21638.663
-5269.803
0.0
-15136.436
-90996.011
-26981.85
-31171.69
-17924.664
-35153.072
-24334.422
-12480.649
-5369.922
-11609.166
-7397.941
-4676.893
-5349.668
-8169.15
-14300.714
-6901.734
-12438.557
-8121.844
-8655.001
-9583.765
-22007.853
-14905.551
-5032.302
-6222.125
-12455.131
0.0
-8035.281
-4856.518
-13253.636
-10680.185
-7186.439
-4654.682
-9099.273
-26078.195
-9342.77
-12805.548
-8266.066
-7583.268
-8670.395
-110594.01
-7057.518
-4553.646
-15573.085
-100774.092
-6758.558
-14497.775
-14104.525
-3929.887
-7014.83
-6726.604
-30508.968
-4777.779
-5812.672
-7817.543
-9280.055
-15745.799
-7349.636
-18566.028
-5455.791
0.0
-14140.128
-14632.054
-12797.059
-4537.085
-6675.161
-5995.981
-12701.504
-6023.891
-25061.383
-7711.406
-8132.889
-14271.205
-12888.726
-3604.947
-7797.976
-10144.041
-9961.905
-6796.895
-11493.575
-7624.431
-60211.113
-5315.989
-9446.267
-54837.858
-29996.385
-8235.195
-4774.197
-6342.022
-37964.532
-23473.932
-4378.602
-5574.091
-7774.775
-10342.225
-22576.167
-7265.901
-5170.37
-8841.89
-16327.004
-12030.9
-11579.058
-4557.534
-13911.624
-6041.191
-15330.161
-10806.335
-16227.366
-16383.284
-22762.495
-7975.518
-7721.86
-6456.548
-26172.708
-24544.112
-4865.917
-4314.976
-15219.978
0.0
-12096.293
-11375.41
-7629.586
-4810.522
-21236.935
-10618.74
-10379.678
-55546.087
-4583.052
-24931.598
-5067.881
-20073.967
-14671.639
0.0
-5258.198
-9520.882
-7193.165
-5497.641
-7599.403
-5060.767
-10344.667
-5052.586
-7902.563
-10054.104
-6862.939
-10451.281
-6888.64
-8106.201
-8551.506
-50685.952
-35868.312
-15398.473
-10428.962
-23993.655
-4301.91
-4852.876
-22112.32
-3994.321
-9646.268
0.0
-4811.23
-21337.767
-9746.36
-5853.845
-25219.66
-4987.67
-10382.831
-4231.255
-6922.307
-21217.713
-49375.829
-14289.33
-12888.107
-26947.414
-4854.569
-18281.646
-9266.488
-8696.438
0.0
-11374.208
-9867.354
-5866.855
-31712.686
-4448.564
-9689.2
-19286.176
-8183.592
-11158.125
-6286.575
-4830.466
-9950.79
-10777.012
-6169.673
-10734.043
-7492.128
-14225.424
-4337.134
-7766.729
-3919.077
-8494.692
-5176.921
-14511.173
-3717.612
-43339.654
-6755.042
-6245.087
-18711.883
-59600.979
-35668.934
-12223.487
-13805.664
-13791.233
-6152.236
0.0
-8166.164
-18828.367
-32787.865
-8446.456
-15098.975
-3849.861
-9732.047
-9134.86
-4659.524
0.0
-12467.78
-19630.468
-8370.828
-17286.963
-17617.274
-8724.51
-101671.011
-9718.034
0.0
-10103.23
-7328.956
0.0
-21366.744
-10324.295
-26358.012
-11858.538
-3794.676
-11241.705
-17325.787
-7573.856
-9984.75
-6454.287
-18242.866
-92791.042
-10091.695
-8340.336
-7505.758
-10958.391
-7044.609
-16429.866
-20787.09
-70022.586
-11233.271
-8041.522
-7500.424
-93868.917
-86673.121
-14910.448
-25828.412
-22306.435
-5669.16
-11059.484
-9800.867
-23365.664
-109939.56
-27233.109
-7228.069
-5831.107
-5825.394
-21712.337
-18379.605
-27789.652
-4161.424
-18590.977
-22405.952
-6671.809
-10648.165
-12043.121
-5935.718
-7093.426
-6031.528
-11382.394
-4409.319
-8539.393
-19663.166
-6640.184
-8872.055
-21839.669
-7207.999
-24368.215
-8498.687
-5558.284
-14151.592
-35952.311
-4995.467
-6367.894
-5788.098
-13358.28
-35339.599
-5882.617
-16128.257
-10387.641
-28500.718
-10604.849
-26342.311
-7085.205
-21678.097
-6668.352
-4382.909
-14169.519
-24794.683
-5528.329
-5231.593
-10928.619
-7353.36
-5414.002
-16780.535
-10567.456
-6453.374
-28654.203
-21829.955
-21732.637
-9765.851
-7921.09
-32008.339
-16686.37
-6157.09
-8725.22
-11310.781
0.0
-9362.872
-5569.033
-11159.656
-34350.195
-8788.462
-21487.667
-10342.611
-9302.848
-9634.532
-19117.914
-20568.647
-11388.502
-8011.407
-34537.166
-5108.283
-11419.055
-15259.947
-18314.31
-7966.876
-8341.935
-4938.474
-7759.335
-10636.627
-8810.763
-6121.636
-15689.492
-14119.013
-10830.966
-6404.334
-14682.649
-9424.868
-6506.018
-13500.361
0.0
-10379.763
-6829.822
-5147.693
-7045.872
-12384.375
-8126.94
-22638.474
-8630.772
-8041.755
-44920.643
-7674.233
-11867.202
-6753.774
-10056.208
-78872.311
-4625.419
-8314.879
-7465.046
-29181.365
-28108.13
-20182.695
-17378.569
-19941.281
-9668.311
-13722.382
-20409.168
-5688.005
-17498.916
-28316.886
-6674.29
-5410.91
-11672.658
-5806.769
-14172.839
-18141.535
-34804.865
-9418.661
-58476.52
-11798.433
-4573.924
0.0
-4580.173
-6363.41
-23165.166
-32066.06
-5312.563
-23696.459
0.0
-22056.735
-9329.892
-19291.641
-12693.71
-7843.625
-39349.842
-8658.205
-14083.964
-5822.012
-30907.739
-5329.266
-5294.101
-11757.015
-6333.902
-17204.623
0.0
-9705.277
-44723.915
-3786.917
-16776.283
0.0
-17179.727
-18533.928
-5205.165
-10081.097
-47003.504
-3770.659
-4634.022
-11814.85
-10486.418
-8752.132
-7487.143
-8214.962
-63529.142
-13301.991
-11922.244
-10964.055
-17305.495
-6503.525
-16122.031
-7771.648
-5230.325
-14086.187
-5586.885
-34697.34
-35936.79
-18294.876
-19633.033
-15189.68
-4270.295
-82721.134
-10659.456
-13130.825
-6318.476
-6631.272
-10041.298
-5126.802
-14372.78
-4444.809
0.0
-22438.74
-5772.585
-14511.986
-10970.999
-8138.354
-19409.506
-24159.004
-15544.915
-28053.233
-13306.091
-7470.598
-14866.754
-12665.598
-17677.231
-8362.393
-24332.365
-36090.021
-13141.802
-6766.44
-22125.79
-9275.117
-11702.159
-33926.182
-35706.454
-18981.913
-5219.173
-12455.757
-11774.217
-22604.575
-8315.898
-9288.992
-8027.841
-5493.715
-18728.088
-8658.654
-12937.959
-3895.635
-39350.165
-8585.366
-5190.216
-6708.344
-6270.97
-13063.55
-12428.601
-18935.363
-14310.753
-25887.394
-5352.643
-9424.041
-24845.255
-8454.86
-15362.388
-19984.736
-15175.533
-5801.364
-16922.789
-7202.67
-20695.331
-29998.083
-14660.379
-5847.732
-4703.75
-18809.973
-23244.153
-8436.844
-5793.865
-7825.598
-5459.632
-6518.145
-7496.709
-11082.102
-6186.264
-17000.608
-7140.255
-10201.095
0.0
-6350.129
-14962.683
-36744.424
-5465.702
-4811.994
-7737.337
-7379.081
-4148.394
-7248.682
-19470.458
0.0
-30180.998
-27932.204
-14146.878
-21434.191
-3601.284
-29972.76
-10605.619
-6416.486
-5862.694
-15610.729
-20828.015
-14696.635
-34531.001
-5189.395
-20544.441
-30912.302
-8468.915
-11038.631
-87610.062
-4372.563
-25812.778
-7930.488
-53996.132
-10741.229
-12259.096
-5212.109
-5867.936
-6247.097
-9713.845
-7909.319
-27772.355
-6095.61
-19755.523
-5772.381
-9441.141
-19261.376
-9385.851
-34512.045
-28382.165
-8905.36
-11099.168
0.0
-7386.474
-7535.951
-21782.532
-8732.089
-23030.208
0.0
-20077.737
-7180.541
-20778.438
-12938.662
-9922.825
-16357.041
0.0
-6133.173
-7831.966
-13199.412
-8874.191
-11610.761
-5777.312
-9051.311
-31361.851
-6611.143
-4465.051
-8758.372
-9485.116
-17966.453
-13778.943
-2689.902
-5799.138
-11366.057
-7348.07
-6467.3
-7868.847
-18359.193
-6162.503
-21823.954
-14072.948
-17854.01
-6810.175
-7173.648
-8802.683
-16402.712
-3749.725
-3101.121
-6446.629
-6485.12
-9069.328
-15480.054
-23899.06
-8568.425
-6265.846
-5376.152
-53019.063
-7775.757
-8662.551
-14862.947
-6789.082
-10368.803
-3107.476
-7629.57
-6877.123
-11198.496
-48276.137
-6686.783
-7214.112
-6462.953
-5719.052
-9225.008
-12496.875
-17873.087
-6822.409
-74538.875
-9333.585
-17036.971
-14677.343
-5410.996
-16108.155
-10432.926
-10387.655
-5893.862
-11782.823
-12438.879
-15517.587
-18120.777
-30851.074
-2988.887
-12188.325
-8114.281
-13322.02
-5604.9
-17030.986
-87423.578
-13943.791
-13964.844
-7469.178
-13596.982
-9255.446
-7954.482
-7563.094
-8575.783
-7736.731
-7621.783
-5581.305
-31049.692
-16226.14
-5822.514
-109745.886
-6568.63
-24474.546
-4072.824
-8514.301
-12145.19
-18942.753
-10653.729
-6644.121
-8927.732
-24119.095
-22227.276
-5650.497
-15633.563
-16865.884
-11639.59
-5802.249
-5829.427
-10026.822
-6108.237
-23998.757
-35649.841
-14407.308
-5110.878
-5027.961
-9371.559
-6120.3
0.0
-12283.619
-5575.627
-22542.478
-6076.51
-6021.82
-18309.233
-8569.141
-7796.493
-9850.647
-6261.719
-6778.744
-20560.544
-17073.611
-5555.778
-11526.608
-9339.71
-8773.414
-4612.366
-15095.718
-17336.714
-6175.191
-6471.152
-11350.048
-12099.156
-33483.752
-22466.077
-6573.028
-16878.375
-27230.792
-4122.669
-3622.318
-6158.688
-6831.267
-9620.69
-11402.483
-21071.105
-11250.703
-7372.74
-32176.693
-9265.378
-12601.327
-11779.776
-18651.174
-10881.785
-6849.589
-7985.691
-15572.448
-9893.112
-29446.59
0.0
-6468.773
-6810.464
-11584.688
-3429.523
-19264.872
-23596.124
-5058.171
-11592.707
-9810.852
-3727.516
-5725.863
-9145.741
-16541.781
-13154.174
-6399.789
-5538.409
-6179.268
-13804.678
-6116.414
-7505.387
-13652.447
-7545.435
-14789.144
-8775.946
-6019.078
-13097.536
-7718.672
-91609.222
-14134.688
-5068.153
-7189.914
-26631.178
-11345.977
-7483.302
-11516.09
-20354.565
-5908.183
-9381.272
-3797.483
-5949.033
-8450.064
-12060.8
-7600.758
-3140.346
-5427.245
-6950.812
-7492.115
-23261.411
-8990.81
-6826.869
-8036.51
-30590.975
0.0
-21742.269
0.0
-16323.724
-10546.675
-18827.637
0.0
-5132.497
-9771.454
-10433.689
-10173.02
-40671.626
-6299.015
-7208.689
-13533.197
-4945.149
-4959.302
-8828.717
-8939.512
-12370.434
-4420.553
-5119.063
-22731.174
-21368.549
-5941.683
-9118.228
-12163.945
-3979.165
-12174.996
-10308.642
-13551.522
-20696.421
-8360.396
-10622.355
-7286.077
-18506.27
-10869.729
-15238.252
-4174.823
-9735.788
-20630.366
-11343.354
-5486.478
-108925.52
-28793.563
-7192.689
-24257.942
-12815.858
-74219.102
-5719.647
-57979.647
-25952.798
-11101.708
-6828.959
-7443.864
-19535.36
-15251.336
-44606.442
-3719.685
-12154.319
-5462.153
-14422.114
-17043.378
-4702.804
-14010.653
-13816.042
-8999.67
-9187.856
-21354.891
-60495.203
-7187.761
-10254.454
-7249.255
-4466.445
-15255.383
-4789.984
-7499.182
-5925.786
-13875.323
-10339.157
-16578.744
-18675.794
-17933.07
-8367.499
-9113.39
-6533.656
-8435.052
-8815.005
-5323.282
-17164.086
-9382.059
-28700.945
-8244.227
-14250.456
-16641.647
-10588.865
-23366.276
-13704.644
-10969.856
-4705.219
-7514.566
-28190.112
-10105.679
-5974.546
-8108.336
-9121.698
-93477.462
-8935.977
-5098.688
-22386.211
-6188.2
-11237.354
-6648.053
-10252.214
-69919.928
0.0
-15888.236
-11131.403
-10321.243
-10239.151
-7329.585
-8289.678
-16665.779
-38498.566
-17214.055
0.0
-7935.224
-31879.882
-13146.967
-7443.545
-23527.653
-108888.535
-5339.325
-3407.806
-4127.89
-20202.11
-5273.894
-5448.292
-25945.429
-19475.892
-21878.701
-21467.826
-5891.266
-7418.768
-4484.837
-17425.437
-3972.757
-34336.154
-4138.228
-14550.412
-3599.054
-7298.655
-5955.38
-8066.183
-6197.429
-5768.293
-9606.059
-9607.873
-17338.297
-9354.095
-6438.579
-9112.918
-12134.167
0.0
-21346.933
-44423.879
-14637.894
-7178.041
-17703.427
-4836.043
-23951.988
0.0
-26978.607
0.0
-7535.073
-4912.174
-5204.266
-3615.143
-4328.019
0.0
-22235.793
-6738.752
-8492.957
-9200.684
-21238.697
-57784.853
-11710.682
-4788.459
-10154.99
0.0
-16619.295
-7770.118
-9298.069
-3791.155
-8357.057
-11581.018
-11342.188
-10799.659
-13520.197
-10814.346
-12916.232
-22858.89
-6267.037
0.0
-15274.176
-4280.878
-25179.278
-9665.946
-11696.705
-7446.958
-13997.115
-31622.72
-7718.629
-8106.044
-7495.114
-9901.113
-64517.525
-6974.787
-10081.002
-8229.696
-6236.535
-10729.25
-12589.63
-9758.631
-9656.462
-8739.751
-26806.087
-7467.001
-39151.091
-7027.033
-12826.389
-10700.307
-12084.289
-4312.328
-17580.223
-11102.348
-6411.118
-10846.826
-7237.604
-7799.307
-36680.485
-19016.746
-4601.77
-3936.463
-24957.896
0.0
-7051.415
-31515.219
-10555.371
-9960.713
-91556.054
-22203.246
-31591.854
-15203.786
-8122.392
0.0
-25897.753
-8208.181
-5755.311
-92160.135
-11212.012
-3370.452
-5905.727
-7720.185
-11346.711
-30760.361
-5604.622
-15192.047
-12308.108
-13393.409
-10008.043
-26540.657
-12763.311
-34971.979
-6511.724
-4374.404
-37945.705
-14082.093
-14981.311
0.0
-6818.373
-8821.041
0.0
-9782.372
-25330.149
-16000.062
-16828.172
-7234.882
-6178.872
-8589.328
-6151.418
-6803.992
-16577.41
-36362.513
-9417.462
-6262.209
-12355.819
-8673.933
-8893.496
-5669.893
-6638.973
-7835.403
-20752.574
0.0
-9679.588
-37197.902
-8461.476
-7638.271
-5871.661
-5307.794
-4363.266
-3906.388
-5225.118
-100569.585
-14089.2
-7384.386
-24491.065
-14330.984
-4661.717
-11105.598
-5701.395
-36141.103
-5229.581
-9202.202
-23917.754
-14704.225
-6170.444
-8668.294
-26072.928
-3497.888
-6398.831
-8973.05
-6831.172
-6352.212
-72426.261
-5843.633
-15640.355
-14868.157
-7667.94
-26833.485
0.0
0.0
-9283.679
-6561.708
-18786.242
-7318.349
-5953.939
-5989.874
-37385.592
-22137.526
-21410.091
-13990.438
-8108.668
-4877.666
-9717.549
-6048.603
-9012.56
-5068.768
-21226.328
-10536.501
-11609.69
-7189.115
0.0
-11239.308
-21479.122
-8020.838
-5840.969
0.0
-8113.7
-15913.463
0.0
-6358.143
-10625.072
-12545.877
-5953.935
-7081.868
-86808.066
-3405.74
-5826.651
-12196.198
-26374.593
-5999.475
-13996.35
-5508.389
-28361.786
-6083.07
-13722.367
-5452.66
-13994.211
-8211.787
-9075.276
-5130.728
-8873.753
-11140.118
-9935.841
-11697.344
-18324.411
-6024.909
-8830.888
-13097.564
-6484.38
-8442.516
-17566.485
-34191.424
-7077.662
-12292.187
-6862.138
-5451.031
-14496.008
-6432.28
-5385.299
-29693.217
-16988.497
-12746.891
-11174.39
-12625.259
-4578.138
0.0
-6350.712
-6302.811
-20397.278
-9658.156
-10760.106
-5074.936
-5461.681
-10661.718
-23211.156
-4167.823
-18501.914
-3487.049
-7919.322
-26396.629
-5898.77
-8798.433
-6237.718
-5664.648
-6353.053
-26723.256
-26076.14
-13651.533
-7050.434
0.0
-9970.912
-23253.193
-18428.657
-88175.449
-49864.172
-9552.647
-11840.994
-7245.586
-5125.983
-13593.66
-9101.209
-25149.284
-5868.657
-41284.444
-8369.125
-24426.608
-5298.251
-8047.411
-6031.242
-9547.767
-10377.572
-5447.531
-23272.956
-6039.577
-4930.234
-6982.677
-10601.178
-31779.037
-10212.136
-10916.055
-5756.586
-3997.479
-10964.97
-39937.111
-5283.153
-6923.505
-13316.333
-13280.054
-10522.102
-5629.347
-11023.061
-28685.883
-52300.744
-14177.051
-22411.658
-15406.415
0.0
-9854.515
-6607.978
-10493.541
-6813.637
-24817.555
-9754.071
-27361.931
-15753.464
-8614.4
-11143.699
-12526.539
-10561.922
-31420.157
-8801.491
-7612.715
-6405.33
-6342.639
-11279.268
-8389.6
-14232.173
-7235.082
-13617.254
-16631.369
-9899.102
-9320.209
-11098.625
-16851.339
0.0
-7305.984
-6802.723
-6166.557
-10818.513
-7450.155
-12936.372
-8536.42
-19774.497
-9435.984
-10073.445
-9162.938
-9593.543
-7088.784
-25051.203
-8339.606
-9148.433
-6917.807
-9989.019
-35676.633
-10544.981
-15667.948
-19381.447
-12962.485
-25308.161
-9361.715
-6650.238
-4862.035
-5662.206
-8017.064
-4496.3
-11651.364
-16228.152
-19331.971
-11447.878
-5210.764
-6633.591
-28402.457
-5085.839
-5375.433
-8772.318
-6415.205
-16343.946
-17110.446
-9950.406
-33755.232
-6575.585
-11545.591
-14041.21
-23464.885
-14049.543
-96904.947
-7937.561
-6706.755
-10630.789
-8435.119
-4738.945
-7193.393
-28392.648
-27828.392
-24403.076
-8752.937
-24958.725
-5099.322
-6554.593
-19950.972
-90533.135
-6548.546
-22817.852
-15256.377
-4808.674
-7640.983
-5228.664
-77076.857
-34663.551
-20872.459
-5587.956
-13943.995
-12052.996
-12808.398
-3862.572
-16276.131
-6855.974
-8609.382
-10700.931
-7227.022
-11120.256
-6353.43
-6537.734
-9431.564
-7907.197
-9715.863
-31608.324
-15206.968
-92177.915
-28391.908
-20801.116
-12040.962
-5831.903
-5103.397
-17925.784
-21603.962
-10449.579
-12829.96
-5792.668
-8628.761
-20670.604
-11225.574
-5333.065
-5126.699
-5593.654
-5833.124
-6700.11
-13359.145
-24227.103
-8723.008
-20724.562
-93049.377
0.0
-16100.239
-59303.052
-14290.068
-20647.767
-4484.201
-5474.38
-6667.405
-14696.088
-6799.616
-6397.681
-5245.223
-25854.66
-13243.875
-13472.54
-23159.658
-4176.579
-15055.609
-5988.735
-12320.102
-4658.703
-6158.861
-17021.112
-5302.533
-9679.797
-7476.825
-11792.268
-4415.972
-6333.846
-11260.52
-9295.527
0.0
-15493.642
-16514.321
-27758.842
-9578.52
-9256.939
0.0
-6933.166
-8159.482
-7223.883
-6204.327
-21672.372
-6331.797
-28247.789
-22772.679
-22593.169
-5468.543
-6961.679
-9865.815
-5433.01
-9851.768
-86021.588
-11300.848
-21771.506
0.0
-13826.882
-5320.543
-7014.904
-11906.316
-8564.529
-15679.273
-7462.324
-15560.97
-10448.311
-17811.386
-5559.923
-7717.809
-6253.142
-11341.235
-10580.138
-6512.04
-5225.429
-6973.776
-17714.776
0.0
-7509.516
-25970.887
-22620.361
-26981.136
-5571.79
0.0
-6928.764
-9023.193
-12380.461
-10342.827
-24805.327
-9612.745
0.0
-11899.167
-13301.278
-13388.865
-8903.464
-18005.623
-24183.79
-59791.456
-11084.488
-15155.971
-27684.426
-15575.835
-14289.334
-14089.585
-6029.707
-8475.576
-7074.486
-54700.108
-5016.383
0.0
-6163.021
-8059.134
-10480.11
-19123.485
-20277.421
-23928.201
-7573.806
-3159.366
-7739.273
-11393.32
-23319.59
-4874.071
-12039.874
-9256.155
-9328.572
-13119.103
-5049.478
-6834.798
-20353.762
-8908.199
-35982.153
-13445.432
-18788.095
-6393.391
-6929.288
-7874.219
-27050.858
-8744.445
-5439.711
-8803.885
-16227.014
-58583.637
-10484.24
-11817.816
-28800.257
-23511.064
-29369.517
-6189.092
-17285.081
-12342.189
-6113.415
-5799.844
-10576.633
-7193.055
-8091.456
-13561.517
-20308.869
-5746.763
-4766.477
-10016.863
0.0
-8071.608
-17577.959
-9949.527
-9811.048
-16028.361
-16932.035
-6082.554
-6453.212
-9006.66
-15754.793
-20233.303
-12702.866
-14571.739
-7265.723
-15550.691
-9089.757
-12297.697
-11281.046
-15649.74
-35617.309
-5194.183
-10428.975
-7354.593
-6014.307
-10785.861
-11092.963
-13001.567
-6908.121
-6156.462
-12887.177
-3589.306
-13108.36
-23827.917
-10149.075
-16230.914
-7887.421
-13482.613
-6800.688
-20096.502
-12985.583
-8163.075
-5537.96
-20085.57
-8499.725
-11950.226
-5782.528
-7599.527
-11819.72
-34868.282
-7700.68
-22676.347
-8682.501
-35541.897
-10707.863
-4871.283
-10226.558
-20964.158
-14868.933
-20153.47
-4886.92
-10733.058
-7403.172
-7256.696
-5368.043
-78478.181
-10772.775
-4509.664
-7789.745
-27969.518
-20386.368
-8436.357
-6122.088
-25325.894
-11092.869
-10072.154
-12844.211
-13510.407
-15509.791
-4253.984
-13464.52
-4889.385
-6551.352
-5585.643
-22020.208
-3539.674
-8222.316
-5898.157
-7254.867
-12075.819
-26135.6
-12833.794
-4891.084
-12490.676
-15288.038
-11487.337
-9047.999
-39180.888
-38057.648
-21875.342
-10959.102
-6368.641
-14954.038
-20159.186
-10478.257
-3753.75
-30231.544
-8021.947
-5082.544
-10319.437
-6508.275
-5243.437
-13858.369
-39784.195
-11118.9
-7114.517
-24882.533
-8315.675
-7512.873
-27700.238
-7238.163
-10365.52
-29709.12
-9368.949
-9135.42
-10619.567
-8811.366
-8350.695
-10436.852
-6014.861
-3530.577
-22492.561
-7964.457
-71543.137
-7478.379
-32190.798
-4807.81
-7407.522
-10631.634
-15134.001
-6857.699
-5590.912
-15729.991
-8559.337
-6393.631
-7747.68
-10185.538
-7071.036
-6001.032
-10787.541
-17848.011
-26858.208
-6857.867
-6147.348
-24060.663
-10968.356
-18859.523
-34639.725
-4959.82
-10040.364
-17682.565
-15973.208
-17674.799
-5382.646
-6119.648
-10648.159
-21235.658
-10760.588
-9363.339
-8289.749
-36193.497
-4182.802
-26434.101
-17380.786
-5783.364
-27851.781
-7796.277
-56521.699
-6917.082
-10443.246
-26187.01
-15313.904
-11069.507
-25116.322
-14108.523
-12779.525
-3896.265
-6902.558
-14151.99
-9712.678
-6354.222
-10521.886
-34528.069
-10103.053
-4510.159
-37200.038
-11323.142
-13828.074
-4716.135
-15450.942
-25642.091
-6110.114
-5949.467
-4927.36
-7763.562
-19677.227
-5573.815
-12279.139
-5778.536
-7739.57
-10566.988
-8515.998
-86327.346
-57188.354
-7076.877
-6340.634
-31775.609
-4723.041
-7325.829
-7695.495
-5446.407
-12844.078
-16222.695
-8246.336
-9167.949
-6919.914
-9163.051
-22380.214
-6370.766
-26828.112
-24394.441
-7075.931
-47860.911
-17516.523
-24428.494
-8259.48
-12594.573
-27231.013
-15712.974
-9031.577
-7520.082
-8306.378
-35653.137
-7483.07
-7046.94
-51074.638
-7297.986
-6232.621
-13710.844
-10505.759
-10754.581
-8795.251
-10591.837
-7148.411
-60246.127
-7032.296
-8969.519
-21173.909
-13333.963
-10405.389
-10829.217
-4870.238
-6020.991
-7581.733
-9186.611
-10944.257
-14195.936
-14660.114
-17645.227
-9200.575
-10400.135
-14055.086
-8082.9
-11119.76
-10379.37
-8248.204
-7360.264
-6861.071
-12807.836
-10490.628
-6540.032
-6696.553
-6121.279
-13166.098
-10779.782
-13816.224
-14495.19
-13496.249
-29344.012
-9172.994
-14445.059
-5971.469
-22453.023
-9586.064
-10623.77
-15958.825
-20338.222
-4244.848
-9785.258
-7866.947
-32651.527
-50981.214
-20242.492
-11737.501
-5569.027
-6559.576
-8848.143
-6727.941
-12773.915
-9815.419
-14749.282
-6590.826
-10524.293
-12073.098
-24143.219
-18547.44
-11628.059
-21262.107
-9878.778
-10458.303
-9851.051
-21769.314
-18204.381
-37961.504
-91887.789
-23434.923
-14893.778
-25196.626
-21261.448
-29256.925
-25977.349
-92511.069
-32601.396
-45507.248
-28433.256
-2591.479
-6246.157
-4510.356
-10212.387
-4556.76
-8858.596
-10380.907
-15057.29
-8366.52
-6203.127
-19541.872
-12385.258
-5089.562
-6117.04
-2495.598
-7045.647
-21244.635
-8872.004
-18281.128
-18518.693
-8337.051
-5504.187
-19818.37
-10477.823
-8939.655
-5473.907
-5770.036
-5997.946
-6201.452
-9883.666
-24893.275
-6381.659
-22157.536
-21161.389
-24805.229
-25764.822
-18346.013
-31463.716
-34016.666
-28088.126
-55276.268
-32801.101
-34445.002
-108309.051
-94483.82
-25639.138
-101496.09
-88387.407
-28643.43
-12760.793
-31305.258
-17183.336
-33081.999
-53734.542
-109919.094
-28894.631
-27859.496
-101208.334
-45238.14
-39042.666
-38659.717
-108983.344
-23565.078
-35868.887
-21330.99
-50346.574
-49883.781
-25141.742
-36942.183
-24446.34
-65440.19
-10162.707
-27934.331
-19580.518
-20619.769
-41400.588
-58834.55
-20729.953
-10425.015
-18781.577
-31398.084
-61778.808
-32168.855
-27831.578
-91850.095
-32468.755
-41856.704
-35535.732
-94742.159
-80511.209
-67663.431
-28875.994
-37242.148
-44899.43
-72858.774
-38664.757
-33056.819
-82453.718
-94234.468
-22947.663
-43755.759
-24033.28
-61334.712
-32233.974
-28589.452
-34978.009
-83342.025
-15465.273
-23610.568
-25659.485
-29778.077
-29932.59
-62201.28
-110170.55
-109880.853
-49742.949
-23997.324
-109722.832
-54248.233
-108013.281
-11264.226
-33068.396
-61894.857
-110809.676
-45010.222
-45284.594
-74071.35
-93771.214
-111322.873
-45633.245
-32819.351
-48854.428
-16053.848
-94489.156
-42850.158
-21032.956
-73213.259
-39913.951
-26740.304
-93985.675
-23784.6
-42399.638
-33732.844
-64107.168
-109476.944
-42741.554
-49100.837
