-1859.823
0.0
-2036.267
-2031.618
0.0
-2188.357
0.0
-2203.302
0.0
0.0
0.0
-2350.014
-2384.04
-2294.575
-2288.295
-2302.95
0.0
0.0
-2368.758
-2479.394
0.0
-2430.668
-2465.319
0.0
-2505.733
-2434.684
0.0
0.0
0.0
-2343.659
-2451.547
-2455.41
-2524.915
-2605.564
0.0
0.0
-2586.358
0.0
0.0
0.0
-2484.837
0.0
-2456.663
-2597.82
-2532.233
-2636.427
0.0
-2586.273
-2585.454
0.0
-2676.281
-2594.755
-2565.391
0.0
-2627.593
0.0
0.0
-2620.306
-2811.443
0.0
-2554.87
0.0
-2579.646
-2698.436
0.0
-2696.046
0.0
-2574.428
0.0
-2689.007
-2796.527
0.0
-2786.745
-2765.306
-2746.773
0.0
0.0
0.0
0.0
-2775.49
0.0
-2735.114
0.0
-2840.468
0.0
0.0
-2834.054
0.0
-2945.742
0.0
-2738.725
-2890.003
-2823.276
-2896.141
-2884.059
-2777.159
-2791.967
-2903.295
-2832.992
0.0
-2944.091
0.0
0.0
0.0
-2900.191
-2918.604
-2909.598
0.0
0.0
0.0
-2953.71
-2818.173
-2959.386
-2925.74
0.0
-3226.558
-2969.254
0.0
-3046.833
0.0
-2916.026
0.0
0.0
-3074.144
0.0
0.0
-3097.696
-2975.296
0.0
-3031.902
0.0
0.0
0.0
0.0
0.0
-3106.609
-3041.194
0.0
-3027.674
0.0
0.0
-3091.298
0.0
-3032.257
-3090.892
-3012.357
-2890.772
0.0
0.0
-3073.504
-3021.514
0.0
-3241.685
0.0
-3217.657
-3124.449
-3169.794
-3212.485
-3271.704
-3194.518
-3139.859
-3151.72
-3189.468
0.0
0.0
0.0
0.0
0.0
0.0
-3061.968
-3225.699
-3158.411
0.0
-3135.485
0.0
0.0
-3238.715
0.0
-3324.469
0.0
0.0
-3300.346
0.0
-3386.689
-3288.181
0.0
-3360.108
-3293.854
-3149.263
0.0
0.0
0.0
-3385.051
-3447.437
-3364.072
-3286.26
-3462.864
-3451.5
0.0
0.0
-3315.04
-3393.404
-3385.084
-3471.555
-3416.259
-3344.527
-3374.693
0.0
0.0
0.0
0.0
0.0
-3527.953
0.0
-3557.426
0.0
-3521.803
-3388.248
-3599.894
0.0
0.0
-3558.547
-3439.735
-3280.271
0.0
-3400.151
-3333.518
0.0
-3597.924
-3617.123
-3501.754
0.0
-3589.87
-3535.783
0.0
0.0
-3653.274
-3542.688
-3594.531
-3435.122
-3634.729
-3498.332
-3393.489
0.0
-3640.016
-3683.903
0.0
-3563.259
-3714.641
-3689.797
-3598.449
-3608.332
0.0
0.0
0.0
0.0
0.0
-3701.951
-3511.696
-3733.531
-3594.095
-3791.094
-3648.247
0.0
0.0
0.0
-3798.114
0.0
0.0
-3676.14
-3783.757
0.0
0.0
0.0
-3613.929
-3963.768
0.0
-3885.287
-3855.101
-3775.035
-3868.097
-3825.848
0.0
0.0
0.0
-3912.508
-3729.443
-3924.824
0.0
-4068.852
-3826.006
0.0
-3715.078
-3526.712
-3806.001
-3935.478
0.0
0.0
0.0
0.0
0.0
-3978.378
-3762.225
0.0
-4154.071
0.0
-4064.726
-3684.662
-3806.886
-3882.471
-3942.879
0.0
-4001.584
0.0
0.0
0.0
0.0
0.0
0.0
-3829.946
0.0
-3841.427
-4009.591
0.0
0.0
-3871.712
-3792.17
0.0
0.0
0.0
0.0
-3891.397
-4149.754
-4149.349
0.0
0.0
-4186.643
0.0
0.0
-4198.14
-4130.362
-4188.515
-4111.7
-4226.011
0.0
-4191.264
0.0
-3940.595
0.0
-3953.683
-4272.846
-4246.453
0.0
0.0
-4057.606
-4099.934
-4287.653
-4102.577
-4270.116
0.0
0.0
-4310.632
-4148.946
0.0
0.0
0.0
0.0
0.0
0.0
0.0
0.0
0.0
0.0
-4305.761
-4459.047
-4298.48
-4430.421
-4237.28
-4366.163
-4517.265
-4207.864
-4696.061
0.0
-4343.973
-4309.738
0.0
0.0
-4365.666
0.0
-4428.917
-4631.863
0.0
0.0
-4430.752
-4432.876
-4596.527
-4365.486
0.0
-4363.301
0.0
0.0
0.0
0.0
0.0
0.0
0.0
0.0
-4583.067
0.0
-4905.06
0.0
0.0
-4548.29
-4543.197
-4466.424
-4509.745
-4487.55
0.0
-4491.021
0.0
0.0
0.0
0.0
0.0
-4568.342
-4369.457
0.0
-4370.739
-4772.241
-4873.744
-4722.035
-4964.892
0.0
0.0
-4601.615
-4620.503
0.0
-4653.2
-4685.643
0.0
-4641.451
0.0
0.0
0.0
-4561.363
-4925.617
-4593.59
-4562.659
-4814.164
-4691.063
-4818.551
-4766.336
0.0
-4826.452
-4881.058
-4843.216
0.0
0.0
-4868.987
-4921.492
0.0
0.0
0.0
0.0
-4783.041
-5020.769
0.0
0.0
0.0
0.0
-4870.948
0.0
0.0
0.0
-4656.886
0.0
0.0
0.0
-5176.597
-5131.719
0.0
-4931.734
-5128.861
0.0
0.0
0.0
-4677.539
-4559.069
-5377.328
-5054.915
0.0
0.0
-4769.751
-5060.89
-5289.928
0.0
-5083.701
-5311.344
0.0
0.0
0.0
-5447.619
-5343.827
-5565.749
-5368.624
-5359.849
0.0
0.0
0.0
0.0
-5132.313
0.0
0.0
0.0
0.0
-5285.282
0.0
-5448.32
-5750.306
0.0
0.0
0.0
0.0
0.0
-5276.354
-5361.296
-5622.133
-5617.36
-5492.273
0.0
0.0
0.0
-5800.263
-5669.988
0.0
-5356.075
0.0
0.0
-5669.687
-5696.09
-5614.302
-5542.907
0.0
0.0
0.0
-5875.454
-5660.266
-5604.164
-5635.61
0.0
0.0
-5668.712
0.0
-6095.556
0.0
-5622.71
0.0
-6059.434
-5743.77
-5836.556
0.0
-5737.261
-5461.558
0.0
0.0
0.0
0.0
-5897.776
0.0
0.0
-6011.412
-6047.897
0.0
0.0
0.0
0.0
-6000.531
0.0
-6140.396
-5719.07
-6388.316
0.0
-5988.571
-6271.911
0.0
0.0
0.0
0.0
0.0
0.0
0.0
0.0
0.0
-6331.152
0.0
-6148.583
-6346.271
-6442.303
-6563.812
0.0
0.0
-6724.918
-6491.612
-6695.128
0.0
0.0
0.0
0.0
0.0
-6949.955
-6426.669
-6572.417
0.0
-6327.292
-6733.576
-6865.388
0.0
-6471.021
0.0
0.0
0.0
-7051.834
-6679.723
0.0
-6726.85
-6317.669
-6391.553
-6698.441
-6390.932
-6634.402
0.0
0.0
0.0
0.0
-7137.024
-6848.849
0.0
-7662.072
0.0
0.0
0.0
0.0
-6866.221
-7036.102
0.0
0.0
-7424.498
0.0
0.0
0.0
-7373.476
0.0
0.0
-6800.368
-7319.186
-7180.498
-7253.591
0.0
-6293.124
-7576.378
-6293.012
0.0
-7313.726
0.0
-6096.942
0.0
0.0
-7868.409
-7300.881
0.0
0.0
-7327.576
-8011.251
-7939.076
0.0
-8585.46
0.0
-7465.444
-8434.368
0.0
0.0
-8883.445
-7760.634
-7739.523
-8054.19
-8726.785
-8283.945
0.0
0.0
-8065.303
0.0
-8703.524
0.0
0.0
0.0
0.0
0.0
-8452.109
0.0
-8608.157
-8001.792
-8458.092
0.0
0.0
0.0
0.0
0.0
-9723.608
-9450.232
0.0
-9530.569
-9052.51
-10406.013
-9358.07
0.0
0.0
0.0
0.0
0.0
0.0
0.0
0.0
-10405.128
-10311.873
-10502.406
0.0
0.0
0.0
-10428.334
0.0
-10673.544
-10003.733
-10344.701
-11405.805
-12092.521
0.0
0.0
0.0
0.0
0.0
0.0
0.0
0.0
0.0
0.0
0.0
0.0
0.0
0.0
0.0
-12858.855
-13283.398
0.0
0.0
0.0
0.0
0.0
0.0
-15822.31
0.0
-14516.101
0.0
0.0
-15666.078
0.0
-15008.867
-14600.745
-16020.702
0.0
0.0
-16489.969
0.0
0.0
0.0
0.0
-15755.501
-15990.811
0.0
0.0
0.0
0.0
0.0
-15976.546
0.0
0.0
0.0
-16226.0
0.0
-16728.054
0.0
-19869.118
-16872.157
-18397.438
-20517.195
0.0
0.0
0.0
0.0
0.0
0.0
0.0
-15161.795
0.0
0.0
0.0
0.0
0.0
0.0
-18637.64
0.0
0.0
0.0
0.0
0.0
0.0
0.0
0.0
0.0
-21026.862
0.0
0.0
0.0
-19286.934
-21013.17
0.0
0.0
0.0
0.0
0.0
0.0
0.0
0.0
0.0
0.0
0.0
0.0
0.0
0.0
0.0
0.0
0.0
0.0
0.0
0.0
0.0
0.0
0.0
0.0
0.0
0.0
0.0
0.0
0.0
0.0
0.0
0.0
0.0
0.0
0.0
0.0
0.0
0.0
0.0
0.0
0.0
0.0
0.0
0.0
0.0
0.0
0.0
0.0
0.0
0.0
0.0
0.0
0.0
0.0
0.0
0.0
0.0
0.0
0.0
0.0
0.0
0.0
0.0
0.0
0.0
0.0
0.0
0.0
0.0
0.0
0.0
0.0
0.0
0.0
0.0
0.0
0.0
0.0
0.0
0.0
0.0
0.0
0.0
