10.0
0.7223631693555956
10.0
10.0
0.7186505798943787
10.0
0.7162584130240921
10.0
0.7112552683786867
0.704240113897685
0.707011466786826
10.0
10.0
10.0
10.0
10.0
0.7090989918882047
0.7022946432112441
10.0
10.0
0.7057119253712623
10.0
10.0
0.6897451854178628
10.0
10.0
0.700849390176753
0.695952197519704
0.6942576448391014
10.0
10.0
10.0
10.0
10.0
0.6916526679996479
0.6936034373692295
10.0
0.6999150403032999
0.6811554160515741
0.6822689645856206
10.0
0.69802125598063
10.0
10.0
10.0
10.0
0.6855924107807718
10.0
10.0
0.6743897620666858
10.0
10.0
10.0
0.6669960327866193
10.0
0.6681250698902286
0.6893162117179882
10.0
10.0
0.6678063194924176
10.0
0.673653259559748
10.0
10.0
0.6616436779014043
10.0
0.6623514848674384
10.0
0.6760292760669407
10.0
10.0
0.6730911685475334
10.0
10.0
10.0
0.6694272989389098
0.6802635119968454
0.6719131616125514
0.6605231082870793
10.0
0.6634972965586076
10.0
0.6558376534358782
10.0
0.6653368080318718
0.6568305691469047
10.0
0.6770447924605433
10.0
0.684144600159927
10.0
10.0
10.0
10.0
10.0
10.0
10.0
10.0
10.0
0.6430692937049302
10.0
0.651290055379074
0.687665701541376
0.6591770563689417
10.0
10.0
10.0
0.66597487236347
0.6450050267786941
0.6536787413309842
10.0
10.0
10.0
10.0
0.6466015776630978
10.0
10.0
0.6435635393204956
10.0
0.6259053851483919
10.0
0.630025409675478
0.6521679158282816
10.0
0.6575943236756687
0.654881945548925
10.0
10.0
0.6584708070741446
10.0
0.6439339023889115
0.641156882350799
0.6502172591658951
0.6409098382935565
0.6712788903115626
10.0
10.0
0.6340918549358986
10.0
0.6475946075262837
0.6424883271274391
10.0
0.6458784627480061
10.0
10.0
10.0
10.0
0.6471802409679065
0.6348698105712642
10.0
10.0
0.6271563858869035
10.0
0.6251608443064902
10.0
10.0
10.0
10.0
10.0
10.0
10.0
10.0
10.0
0.6245353107030615
0.6133474728704027
0.6170563126499313
0.6148271391685105
0.6176864296793003
0.6277164900735608
10.0
10.0
10.0
0.6237314136282555
10.0
0.6327482421170635
0.6102662170982779
10.0
0.6205189883553188
10.0
0.6153536031473134
0.6162330443871825
10.0
0.6138951373616252
10.0
10.0
0.6217643436193195
10.0
10.0
10.0
0.6196239906325769
0.6184748150651188
0.6211720889827348
10.0
10.0
10.0
10.0
10.0
10.0
0.6115766651024283
0.5774523552800181
10.0
10.0
10.0
10.0
10.0
10.0
10.0
0.594283764605889
0.6100331935271319
0.6036940481334631
0.6032471250902627
0.6040505034229777
10.0
0.6014943620332408
10.0
0.5951977260367141
10.0
10.0
10.0
0.5958548913479793
0.5934068072592075
10.0
10.0
10.0
0.592455840299275
10.0
10.0
0.6025359773673642
10.0
10.0
10.0
0.575137974003016
10.0
10.0
0.5917930078390383
0.5901602215913615
10.0
10.0
10.0
10.0
10.0
10.0
10.0
0.5931122152152094
10.0
10.0
0.6108520604294096
10.0
10.0
10.0
10.0
10.0
0.5827489865719299
0.5779496945635969
0.5830429009277924
0.5797563070955601
0.5818503085257737
10.0
10.0
10.0
10.0
10.0
10.0
0.5920997014568855
0.5820918891739746
0.5382387378953901
10.0
0.5811886956151882
0.572427357287439
10.0
10.0
0.5728934261041917
0.5341744826224712
0.5720874063772085
10.0
10.0
0.5773364419985512
10.0
10.0
10.0
10.0
10.0
0.5698320429225321
0.5637482920333025
0.5514610850987383
10.0
10.0
10.0
0.5443955952953446
10.0
10.0
0.5528228062069437
10.0
10.0
10.0
10.0
0.5551820481265767
0.5703127651196315
0.6018372924593253
0.5681806296433938
0.5369971063037248
10.0
10.0
0.582380701361806
10.0
0.5210847776272862
10.0
10.0
10.0
10.0
10.0
0.5390095351788933
10.0
0.5567751441019566
0.5271743979604531
0.5632516752317446
0.5487204622598718
0.5396142757497622
0.5428530947358842
10.0
0.5545707835430596
10.0
10.0
0.5186654786671888
0.5635755509170114
10.0
10.0
0.554351329629229
0.5310193360131397
0.5597833323773855
0.5178026097199137
10.0
10.0
10.0
0.5424568812607626
0.538703045300976
10.0
0.4799816605273644
0.5373319767203848
10.0
10.0
10.0
10.0
10.0
0.4867037930622958
10.0
0.5595568790577371
10.0
0.5547629406411787
10.0
10.0
10.0
0.516400429618541
0.5161681964427258
10.0
10.0
10.0
10.0
10.0
0.5180397644432548
0.5249768561868687
10.0
10.0
0.5041400874554396
0.5125889757175922
0.5400394564190273
0.5091647028215404
0.5196021086938998
0.5303460275636008
0.5372183664226075
0.5290445889102503
0.5056166152916488
0.47229321219096065
10.0
10.0
10.0
10.0
10.0
10.0
10.0
10.0
10.0
0.506787939267938
10.0
10.0
0.47747677071171846
0.4390741182990099
10.0
0.47626225676022343
10.0
10.0
0.4608386204135451
0.4466693694891496
10.0
10.0
10.0
10.0
0.4719954137717541
10.0
0.513778452777137
0.4550000625826206
0.4664192521630292
0.4891880706103836
0.4652008989420755
0.5114019146379252
0.4475379503792815
0.4683793912574429
10.0
0.4952889125342983
10.0
0.4703674811582932
0.48353162073065387
10.0
10.0
10.0
10.0
10.0
0.4349786148117112
10.0
0.4865627059062874
0.5080560541605592
0.4338410437504717
0.4895555654251767
0.3872806607290746
10.0
10.0
0.4657378605846412
10.0
10.0
10.0
10.0
10.0
0.45192260273103335
0.442739156883543
10.0
10.0
0.44998763693317556
10.0
10.0
0.4501106394972238
10.0
0.408341059175918
0.42721430282869455
0.46543532123841386
10.0
10.0
10.0
10.0
10.0
10.0
10.0
10.0
0.4487159341948388
10.0
10.0
10.0
0.4348284743779961
0.4548500117366761
10.0
10.0
0.41746133466341967
0.4674053727861534
0.4110185548592208
0.4227609453266888
10.0
10.0
0.387398628460416
0.39491363790739303
0.44976560953838673
0.4103137284205155
10.0
0.4112642218657315
0.4094716077119149
0.407634403412736
10.0
0.4226942285914526
0.46219162549865117
0.4976517451895747
10.0
10.0
0.388907802369219
10.0
10.0
0.4219487629725642
0.38601134940622683
0.39350994492866875
10.0
10.0
10.0
10.0
0.4097862486319913
0.4082275842712714
10.0
10.0
10.0
0.3228905240853717
10.0
10.0
0.33954520477218203
0.3608234327042805
0.3578722957996129
10.0
10.0
10.0
10.0
10.0
0.35316692818794626
0.3719964824859441
0.4152402226363874
0.38508469830118774
10.0
0.302507097505402
0.3771275050040743
0.37005589577796405
0.34075633216145257
10.0
0.41002527747369455
10.0
10.0
0.3646492002745298
0.34875425653846226
0.37971279420846
0.3420994941515067
0.3220249906244037
10.0
10.0
10.0
10.0
10.0
0.3732304832225052
0.3568174044248673
0.3348823721335211
10.0
10.0
0.38919302526637084
10.0
0.32647577377847287
0.3021873544172944
10.0
10.0
10.0
10.0
0.33676059997331825
0.3046860344999713
0.381869155084842
10.0
10.0
10.0
10.0
0.35346208521288464
0.3083119449032197
10.0
0.2912944710256153
10.0
0.25788485400088357
10.0
0.3189115011724227
10.0
10.0
10.0
0.3258801104717138
10.0
10.0
0.3140668069489362
0.3369897626005449
0.2776132074330242
0.2882338117709406
10.0
0.25599565411562875
0.2660261024827345
10.0
10.0
0.2651227509893784
0.2812693304449238
0.27869103790092437
0.2923670847398357
10.0
0.2632078339231025
10.0
10.0
10.0
0.3093216804291807
10.0
10.0
0.2566494783810368
0.2390152886485716
0.2922245526197857
0.25732926532685657
0.26908717268518256
0.233593576645327
0.23374179845578755
0.3389896838669686
0.25585668917830845
10.0
0.2630983326695705
10.0
10.0
10.0
10.0
0.2575083050414053
0.2827085374608717
10.0
10.0
10.0
0.2757883976019056
0.23444549536610143
0.2202055306469377
0.22319380919632553
0.2173369597100938
10.0
10.0
10.0
0.2247533762260823
10.0
10.0
10.0
0.2384497654132688
10.0
0.24717775483791418
0.2302636116393981
0.23233282341100894
10.0
10.0
0.1994359715279795
10.0
10.0
10.0
10.0
10.0
10.0
0.22888525177025268
0.18961070747680708
0.20171978415719052
0.1829130043709429
10.0
10.0
0.19800672031427877
10.0
0.17751908755150766
0.18284522645411452
0.17142684619806559
0.16526519874231296
10.0
10.0
0.18402562624954943
0.1950867407357527
10.0
0.20156045418565954
0.18970858124919204
0.18179891484235922
10.0
0.18511878720794617
0.18957582517786242
10.0
10.0
10.0
10.0
0.17811703158951012
10.0
10.0
10.0
0.18203281839660662
10.0
0.1451503471952816
10.0
0.15504995580236974
0.1479594712999758
10.0
10.0
0.15861664536584458
0.15484919611082845
10.0
10.0
10.0
0.08553770007547241
10.0
0.11661839572803612
10.0
10.0
0.14578974320574062
0.16229952333193995
10.0
10.0
10.0
10.0
10.0
10.0
0.1292532578321084
0.1433925253191498
10.0
0.1587033657497846
10.0
0.1363728441992947
0.12538790937334013
0.11954011359830434
0.13375605954718167
0.11520402157511575
10.0
0.10347924073992724
10.0
10.0
10.0
0.13236787782395568
0.11314533116467804
0.10914598598845394
0.08763766328282552
0.0974757304378892
10.0
10.0
0.09433814678849874
10.0
10.0
10.0
10.0
0.08326213183309766
0.07788022468779852
0.061413315604341746
0.07172329475064915
0.052975651244879386
0.07082475108614893
0.08362617202785991
0.060046403318320105
10.0
10.0
10.0
0.04854051199400759
0.04470438059256502
0.07505798218805905
10.0
0.0504813246943637
10.0
10.0
10.0
10.0
10.0
0.04079380931092878
0.041575038729075475
0.03375800798437929
0.050665896887235246
0.02859501533338431
0.06185466137533401
0.03854844857648207
0.051364786113189655
0.03258076871544383
0.021423227487195825
0.024989151378674652
0.021112131063913644
0.03265714869105768
0.027796153380277987
0.016160779608470826
10.0
10.0
0.03241830042651072
0.026055241513736088
0.019088751731050305
0.02883566961513805
0.0307245538913469
0.014770881585855405
10.0
0.02483745272463629
10.0
0.027687735849777274
0.013997306243385008
10.0
0.016403985306581888
10.0
10.0
10.0
0.016461874250750005
0.012697921707567221
10.0
0.012689974405337966
0.03106179506051008
0.02027134232316666
0.012402990920648855
10.0
10.0
0.024846777265442595
0.014315875702798677
0.010338317694395117
0.007438882094426644
0.012098306669798047
10.0
0.007734874351930034
0.014710215565295575
0.014204794048745393
10.0
0.01717927650050287
10.0
0.01444608061786449
10.0
10.0
10.0
10.0
0.008037707589393801
0.0058511141060583185
0.004397412200644611
0.007432740997249492
0.009241950274092034
0.004589389270693802
0.008334738198057544
10.0
0.009448918947221167
0.002133197351412606
0.0036435694243990156
0.004200106724544233
0.008283938680967133
0.0041915723912234045
10.0
0.005287939262440149
0.006288306299013495
0.0054354384825075494
0.006081902028839043
0.005324131161195055
0.00491656086114114
0.0053234989894268185
0.00795785052455825
0.0041295292476836495
10.0
0.004977836439781953
0.005852242984215883
0.006100528525663681
10.0
10.0
0.0066609941845256395
0.001687403114121607
0.6871449957442792
0.2625595640994707
0.477784864499722
0.0686902902003798
0.47457566872141854
0.10328150636960001
0.06490601925197596
0.01874801103237386
0.12410329111290963
0.26703505006980355
0.008740005673367869
0.03480154295323209
0.39849545523290947
0.27829313092794594
0.6927734630283633
0.19426927342564565
0.006391282499523163
0.10321734086287583
0.01069626216385112
0.010177181402214908
0.12633609997936296
0.34057038262885647
0.00834950399660669
0.06285507355980884
0.10090092811092763
0.3442356263982836
0.3168363290686364
0.2901607840277199
0.26720420189541505
0.07556744558692592
0.0029934029409661033
0.24943661944046353
0.385716419240643
0.6417274625267585
0.034923078011799606
0.006911244183487386
0.5052801424098666
0.5355070775904884
0.6091794899867732
0.5501875978298101
0.002012474955071775
0.3239457992425668
0.5098623950392827
0.36745466717523456
0.03730478623235261
2.4067689544171628e-05
0.6189941438114838
0.3397886580937809
0.4979434704249141
0.3029656250548211
0.08879166994306067
0.4199594072832134
0.019566244765858234
0.13322311591612668
0.536064833710578
0.004076697634312499
0.06745852482319113
0.0770746338261429
0.032557197739513884
0.4640691308564275
0.17938654520732372
0.15577105976100458
0.16123241565320034
0.02114906795722916
0.03184130807811985
0.5278987093057712
0.10084622263928794
0.0001074015473837983
0.42042759875214325
0.5593131772023231
0.004569453202958187
0.6372543335817704
0.0013004458474568346
0.02277623319363642
0.4483730037687543
0.07301468700250706
0.1547835856400626
0.03456820380193937
0.15764416303582784
0.04270852328750863
0.0045487496136725515
