0.38565324714669746
0.6416704045091626
0.03491682401958188
0.006909686324405127
0.5052403561919573
0.5354710799238
0.6091100097578073
0.5501594909672569
0.002010980313166339
0.32393221883471884
0.5097926258175084
0.36744060812304785
0.037302517190868315
2.346486788555007e-05
0.6189422109368473
0.339764312761621
0.49791429790138014
0.3029449575896365
0.0887847341156606
0.4199355698559142
0.0195638966992905
0.13320118627485167
0.536009058098569
0.004075916450627464
0.06745087329065157
0.07706342632379459
0.03254951684530499
0.46404027449102586
0.1793664557277558
0.15576227708171392
0.1612066952932584
0.02114537426789761
0.03183455287122498
0.5278262781712394
0.10083910619138266
0.0001071396476512433
0.4203989704020674
0.5592764051794047
0.004567382844029623
0.637169767061231
0.0012997617465708685
0.022774903374444325
0.44832817375936107
0.07300290376868598
0.15477047484552822
0.03456336769513718
0.15763515910364312
0.04270673965279486
0.004548641241369425
0.0991410973012887
0.4566880074426607
0.221854687325732
0.07654837416525552
0.06792730294752194
0.11358814487464026
0.012512898498069351
0.08155908146346227
0.22939177958017246
0.29573125291160957
0.5499065292042782
0.2681513093563922
0.17562528227685917
0.5308358703737313
0.16882306289891044
0.490800108619386
0.015442383974838592
0.004498040406834746
0.1873223816469083
0.03166127451730323
0.4772395480750673
0.5239226653306907
0.4151207196307517
0.07846216155864363
0.052944719911113915
0.3600686194685101
0.22301652944797956
0.11426897161658442
0.6006462591735077
0.059639803875156154
0.03408030273448811
0.24397670851230938
0.14992177812944477
0.00030071074423265693
0.2327132781082919
0.05403849064433625
0.05816517298774078
0.001463636517263306
0.02851319424452402
0.4757939309096377
0.11113825284685955
0.004515605750966452
0.08446246678594084
0.08794715651850345
0.03293830719335304
0.011729434428582573
0.5379071634417092
0.016961402943844683
0.292697981505381
0.020747390495080398
0.007716541370651184
0.0038394976113486044
0.03393237454072083
0.2648062806003288
0.005824021059176047
0.03996848674280195
0.05931951863654011
0.04844866646710813
0.283043001842636
0.5608302319450094
0.025631167253437646
0.27411363760525675
0.005629402305865852
0.3508853978794391
0.10692762690691385
0.5013174397877828
0.05323165841407241
0.00023530352933371894
0.5330277233238835
0.23919561582608148
0.32720959009725725
0.025559099671858716
0.0003739975503458569
0.2249161384207015
0.44471498770946366
0.4794597353251129
0.03707573689030683
0.023485462148783904
0.004325886480581314
0.06753619164043158
0.15175807889260842
0.11841048998379056
0.08771271110274041
0.0053216024741221096
0.08278732517428855
0.02424321111799784
0.008621879790712097
0.2825669760676649
0.02035923688488695
0.0030832391008692012
0.03881389309482413
0.214544884591631
0.04353395928531274
0.01674696117678549
0.0032020423104195095
0.3434033039908496
0.24001441481504934
0.14522884934623456
0.10874548299307825
0.04689210149464439
0.004407459223471757
0.012027006754265542
0.04179130909812941
0.019599840179827358
0.0034620908995407155
0.08214808579793165
0.028078305295352005
0.0924114213315778
0.028650578680175544
0.13066248271116984
0.42165482549727695
0.002170089176299662
0.08679590395973173
10.0
0.29177959458318564
0.3655862594555611
0.20014156625406576
0.07077228082938532
0.46064253445819664
0.1733858804729729
10.0
0.006946668488444069
0.13370539549547017
0.09359006058282433
6.870358969284068e-05
0.21831495298846912
0.4370941332014694
0.14032502488221987
0.054529146246740164
0.1506428148972517
0.011472388763732792
0.011650728971188962
0.23018784133746237
0.03187564851554887
0.13336287110428138
0.45627635019186163
0.10365363056018986
0.01868312304362884
0.02185439117457198
0.04921612256025769
0.09129094058254138
10.0
0.015684889544522535
0.027872736474487174
0.0009501097639141112
0.14044443757760297
0.002777538823552485
0.26632451067676666
0.02382150674322416
0.3197981889069609
0.1224847954151086
0.017192326332004317
0.09252932143860206
0.2179602591101213
0.024978268993235728
0.229601456867297
0.13836908557579342
0.0161917560251144
0.14838212328216802
0.025776408681065816
0.058570576145174615
0.0072512398876032206
0.00206891892074857
0.25436345264489957
0.17161261511015646
0.012568190986350968
0.0007946405484571802
0.12696425330259928
0.0617418864112692
0.29292662394555263
0.00276401485600004
0.04562845778315663
0.037924721033609034
0.2298888920043966
0.27631827169584683
0.12329289155541968
0.059815908867736245
0.19826776173819302
0.20552372135519445
0.15568323296809786
0.10243241009708819
0.046450913253631945
0.10850871147420091
0.002889591334495736
0.49137990044111124
0.04287042717348707
0.19220626936405433
0.001556814142063155
0.05254231924446229
0.05398825560244873
0.05332079463339372
0.04203636589632535
0.4262152908143761
0.1367938031171193
0.26115961935747056
0.019735982957877863
0.020005559206400708
0.0031807290908046886
0.4798986879466593
0.02655779578813836
0.004804666342566206
0.17168716629593023
0.084556208828145
0.12944550581846576
0.01495396315382155
0.40479243079598587
0.4402801676511487
0.020968356997269805
0.19044910220112982
0.414469153555148
0.021938944112449472
0.09638821365353567
0.06907298054602805
0.30678409916907
0.3698314740777582
0.002219421231258261
0.4324170316873933
0.20493830717838304
0.0367295775475748
0.03873554887844094
0.45087708021414125
0.07429736510971878
0.014401376970576727
0.0757563070110588
0.18884392878280026
0.03193114423802295
0.32007666093210996
0.03758319019969531
0.14666403748369333
0.15406548417220997
0.020306811711001446
0.4637805672024113
0.08537850621955416
0.05526896783608175
0.06841461793755789
0.10255954439131722
0.15465247769471893
0.01654608863355253
0.41598049505450996
0.006743628065659374
0.0001901483958063116
0.40176800690458453
0.18836417760153693
0.06444577566326096
0.03093398351163471
0.22137999351861454
0.14391086137521822
0.4394654333460301
0.5174444161386569
0.049294805331715846
0.06184499817830526
0.0009039837951711982
0.022540658928615103
0.009411553072980956
0.03045802582336926
0.33659964398375114
0.2475072976721525
0.12423040286569961
0.007563239601256777
0.00976416949762678
0.19987162818654688
0.00664616071831042
0.03218550299223723
0.08724950967263206
0.056945758874187624
0.11078130179018221
0.03913903240114541
0.01886507580568562
0.038248009052000105
0.010073098619342837
0.08607552147164291
0.19871752991559147
0.0527266650114685
0.0337319534042545
0.043905902710900974
0.0074538285134810025
0.12296637447588467
4.2400678047842205e-05
0.0009859177935217032
0.10736066514614129
0.0012560132176247293
0.3730155448213049
0.10544818660118212
0.10530041590849538
0.308146564433757
0.3233120244312227
10.0
0.003944596232841257
0.28919979335223023
0.3480950820046971
0.12853194941106166
0.13218585772657457
0.5159345414222936
0.0855285787399593
0.06848853695156343
0.004213156556045681
0.06540338078800093
0.13178257693232515
0.08957278672626029
0.05535264035736864
0.0005853689060880535
0.06316696052291822
0.09399187473857144
10.0
0.0037771609161389615
0.015227445429141876
0.007928454450637425
0.0050163989176443624
0.18930812348119086
0.23055705204705496
0.03248038879742498
0.0022500589483304655
0.006621573788162762
0.38173479597040455
0.5478016009559815
0.11606219641220507
0.003990067445027963
0.2423446216272287
0.0403160677856546
0.12117637903040078
0.0669579125515616
0.01967990029101005
0.45541237440213056
0.13889297448417762
0.35050729124872393
0.007779961853915471
0.03470935872676126
0.36679596601168946
0.05717663696272455
0.018023812972236566
0.11040570072711527
0.022216106277694752
0.17323090807950242
0.05516084392227431
0.04152864187292366
0.41174914312833605
6.79133749825454e-05
0.16018172305496708
0.04325354580647727
0.045769341777220696
0.1474673253616593
0.19282326900985286
0.006688177570559797
0.034759864699406604
0.1524926176934136
0.430365295455399
0.10963257762949062
9.640626690429811e-05
0.2228115699684511
0.038871894818435705
0.004188366377255921
0.08569461450061491
0.1284119721682275
0.0012235918369394717
0.49588130299750294
0.1258686315704395
0.0720355657852008
0.05708747820196419
0.12340954986034652
0.009832150576399424
8.31306597713375e-05
0.012999648304870031
0.2103083598386842
0.00044141419726454075
0.05134462438541965
0.4364762073337201
0.23578229228955194
10.0
0.34020153344926707
0.06738200949779549
0.22720505249546166
0.004289852646442928
0.18072410940668035
0.05605261417333274
0.001216999188499294
0.0021847645923480027
0.3709020349315646
0.4734166948527937
0.04814827202550427
0.13767922795308513
0.11738257796615645
0.04053202228556903
0.46910094705633354
9.455490672589204e-05
10.0
0.00478048573630707
0.005367480082445538
0.2838621158337649
0.5022006740582614
0.015408720792055913
0.008671437577953288
0.0847570588299389
0.011396618317300648
0.05123250413456213
0.00048067661570874135
0.08308223380990816
0.01759639694359892
0.006319485877601331
0.07502847327689621
0.32813457082386416
0.0013230234539570495
0.2492698619202691
10.0
0.013919503888517449
0.20078385320408298
0.14477858540167343
0.06763598446956029
0.4833226196867008
0.09594302817959545
0.26503196664407114
0.010807682618623258
0.11573967552522373
0.08014938278069161
0.002411849823671197
0.006878077634845833
0.0004141856488792605
0.0010420004603895164
0.09939001547689323
0.004719503774359528
0.513600269926265
0.036577991716328806
0.02273297453928962
0.02441206874893047
0.20168478886205782
0.14538291863717898
0.006378887410128283
0.1153592872962867
0.0004562025228030987
0.2653843126003476
0.001362714824426664
0.043657255321557856
0.06674739935273893
0.6228652255985766
0.2216165167926695
0.09745229485508995
0.1993451644967368
0.07024816592862501
0.23295637018888035
0.0469899074982158
0.027237900337054494
0.010732363723454139
0.003541789769712984
0.08784097420287881
0.16365318298575687
0.009971364047534906
0.015826766951365263
0.151675309618344
0.12050794733450258
0.4069435083058458
0.49408701889874335
0.17839218453225544
0.09475856413380049
10.0
0.012877481031185358
0.06125719171902645
0.10989567379227214
0.010892235700997155
10.0
0.00042111696799152783
0.026613043121293676
0.12895859816379318
0.10665141292707271
0.09497950780555804
0.000393030457756858
0.1605884804327008
0.18622192766600038
0.2456130840506658
0.0010854396918926052
0.5322269199170908
0.3035325017879418
0.24387140675777175
10.0
0.42785774098156376
0.004948169449552951
0.0829475586818348
0.008004541069651528
0.016071417570169087
0.0035051463485943333
0.00819073838468147
0.011425291894750993
0.02767807265274852
0.023732144676023137
0.3263843798028364
0.00037027224520107325
0.017336235647282462
0.1880573264826092
0.32191316399023945
0.0003127445853922964
0.008210019695860877
0.0031324356470999706
0.3714375068162033
0.23839889819961302
0.14160941657228862
0.05641464485660221
5.8069528549300575e-05
0.0003884020500860226
0.150433520814591
0.2192129750209503
0.2967064230192403
0.08495465766263903
0.00035864479295333687
0.019494560966728778
0.1414158593040131
0.0023118989010266788
0.1529794795427261
0.23411207049146876
0.0005533539070898787
10.0
0.3015818234510947
0.17275689196052052
0.09168193932693289
0.008277729843875706
0.3065122884281531
0.00923314502446303
10.0
0.005344902519294245
0.07346989691448648
0.03606812199357343
0.025092150294019056
0.011908813175044419
0.06303914897404285
0.1549868063943597
0.05318797079325056
0.3565697737122239
0.007429196312609919
0.49322597783098093
0.03600341462533362
0.41268225177767737
0.0002850644929688105
0.00785780929166113
0.2209315807174872
0.2533381148307057
0.42363417755607086
0.3906926725272471
0.12793314648643286
0.10180516002087435
10.0
0.009679277860177915
0.23179866051929557
0.00959050288186703
0.024597362845837235
0.00962698822391952
0.0005917357788967183
0.007025103015079865
0.17807822072232893
0.117619190827982
0.012397030443976914
0.16334813807188125
0.12230130810123954
0.43300440957033737
0.0009183882804617236
0.07007779556483715
0.39407524231609187
0.013227772147447104
0.0008458691042708472
0.008718805305444702
0.20846054415707238
0.008501225365479788
0.44346003643926213
0.4211859794596362
0.006135749524179699
0.04491360690641216
0.010589199431635887
0.0012105419909883835
0.4241350150975945
0.00044656189611267614
0.19676271840359952
0.0029212902042608717
1.0430834175970097e-05
0.4442113498276272
0.1593189205760379
0.1762020714633058
0.048336478591933456
0.5452858737655265
0.01788446410797038
0.04196682700181937
0.16078427306034881
0.11682003612516083
0.03728209581750966
0.12167550139960694
0.41657272657167005
0.09092148148363001
0.12987680446548341
0.23767086173699542
0.05233970812049438
10.0
0.09099517464975583
0.2797671084026217
0.5340843980732494
0.028893964955442893
0.20097169852950175
0.0015420032606359064
0.10077505816023506
0.06924021201442816
0.2279224092288472
0.03696467782104152
0.03639696488722994
0.01399125545646046
0.21513291704328594
0.005154754224635489
0.21892109228453038
0.33219153423024306
0.19484247332141272
0.2622534802564491
0.1267802458016752
0.018739070317365946
0.07493373782191338
0.09065088942538585
0.0079547122360554
0.4003403809864379
0.003165060189729489
0.01534478113321145
0.0928801090011596
0.047231735813253406
0.19793052100251904
0.17740701252802465
0.12276769192015329
0.07010877198148072
0.5368576898151415
0.033592446605418554
10.0
0.06024393438220667
0.46727498732283057
0.06194506193819179
0.007342069460284976
0.024454808039851766
0.004046443627441563
0.11018967860288369
0.1566276749039073
0.4515700083854381
0.3458844893158882
0.0003440822574959323
0.08430449146819893
0.02582662118151429
0.005808758626485773
0.37185139942637485
10.0
0.01846299187515193
5.44345336571221e-05
0.0020829621650286746
0.0012396670619031927
0.011212566166987707
0.0007095682038052633
0.003413187926654294
0.03402221070062393
0.35938623519982543
0.04232228830056974
0.17127815072839217
0.457505089814347
0.3611655958544589
0.13233985910420903
0.021461948044124393
0.20458280123024378
0.0345198427339175
0.13473947028474206
0.11225374297908883
0.08351910915114827
0.005315167875848811
0.019081730101685433
0.4080571912215481
0.26589962290171276
0.03433292305246383
10.0
0.13862904313218
0.43363290101515944
0.02874249197588856
0.057323345606840645
0.18657984959401733
0.46025449369969484
0.09775368285396886
0.002465426388254037
0.08981454799496637
0.031610655548469827
0.12875386409865522
0.15904006549092137
0.11139015053831802
1.8287826153272428e-06
0.19253608240656842
0.47552193954821553
0.016299428532155224
1.5014079495682695e-05
0.21600869963420158
0.020808440225841496
0.02291790743853489
0.5523468480562898
0.19614271612252235
0.21760723561020565
0.0013435916212126981
0.4463943292535995
0.30958606405492334
0.14698253934768912
0.09215290787225448
0.015579113697282827
0.17480695925904668
0.010107958376848435
0.3486224938799113
10.0
0.02260173120081525
0.020457020347019305
0.03177375600917118
0.4767183004164549
0.22344401338992717
0.2905494793549326
0.0327237976574803
0.28666927637682293
0.002903928094321628
0.1538163174627903
0.1341814439563767
0.021775460013795055
0.03057145550064136
0.5870503598661034
0.1472487514309301
0.06994630383704402
0.07385132262760544
0.21363724343352433
0.043351667968181
0.1572674789722117
0.00017014464595498463
0.3645552098430069
0.08586214074167953
0.00020229511755688733
0.0013864890056497965
0.1302756600573552
0.4472588916987315
0.25406298971200014
0.0004913106551778209
0.0039046113901747776
0.4972686490980236
0.3334948007631063
0.14897638786373474
0.06644298646613517
0.00471117264633188
0.17873647033461104
0.3871168148114241
0.10383763806111392
0.014313143810432551
0.03869233535032116
0.04269068694037091
0.47388197327421555
0.024820722786465285
0.28424430882279
0.017240687400026187
0.05425625120480638
0.014570776535273187
0.014107755682321135
0.004480339597324132
0.14089953333742308
0.15201553102584311
0.24156181235764704
0.002439507374655633
0.0032230395163984145
0.430938043077421
0.5048822802307735
0.018065152526490685
10.0
0.03751265789241067
0.044419226331205194
0.15686546252149874
0.44146194449731535
0.0064729455093172905
0.05925957517024932
0.06512089017335554
0.00019940519669834196
0.467932242799852
0.002981527142748523
0.4039381189257656
0.008155268996846687
0.020196565390660653
10.0
0.3726041808982063
0.08440155244831045
0.18447659085717438
0.3413499421743084
0.15855968213788976
0.4051421120940731
0.06612353641673521
0.40638250101666246
0.14359996869186592
0.07186316279049551
0.20611773740294598
0.06338085985047616
0.20531300513892392
0.13615661876862248
0.1158604881017704
0.00025986791804232635
0.000638200418311721
0.01708521844466278
0.06431615776483707
0.003691479056754982
0.5079047389710782
0.4356824481266306
0.005235672210969725
0.5420441865257817
0.08151006553773671
10.0
0.44095114970858046
0.006268121957556238
0.07837480900293538
0.3027589504029752
0.0028207974490000037
0.41395632714697056
0.06486481523534895
0.5146782810146703
0.20320071624379887
0.0065435005025373865
0.00027849442209178406
0.021709194829821907
0.030662962327969452
0.0021314814566131077
0.43464162174287396
0.010680254707700954
0.09265880379939882
0.10999431512955604
10.0
0.04451915455346462
0.07587535846543147
0.30111593525484726
0.0011256051839635768
0.48745205902149696
0.07994108254429878
0.009043922359319737
0.13197782769845753
0.04883982227909098
0.2577174635864389
0.4388544837646741
0.07401361015153693
0.05492499862534769
0.27162945108990355
0.05594636408889455
0.1654115692648433
0.022128144091657313
0.5030206911519164
0.1497835809015198
0.5539498102461463
0.11820805962482427
0.3863914428624994
0.02072788348051768
0.5806551874366821
0.0003728686721882922
0.21628647085179042
0.2629929406047803
0.009909478838564908
0.00017466015858524334
0.0006660159905637551
0.036172836803717336
0.025457003859040362
0.02569637125581858
0.2752556345913558
10.0
0.1326172916222265
0.00946959999506775
0.0009391370682225826
0.1202037595732965
0.01861295197735462
0.5627716307227808
0.0789367652000049
0.09623653722304427
0.4588074532446842
10.0
0.03414627444626439
0.008607475305421572
0.12348872941044221
0.012333722956900686
0.011761562308171684
0.10910785252041551
1.1762910401896418e-05
0.07911203500336889
10.0
0.07053440362402329
0.17550857888905425
10.0
0.006198108825851774
0.06685979038985787
0.002363601607340984
0.03955949454033245
0.5663752814549671
0.04736988795830027
0.012236481356283963
0.15954329603739442
0.07337073625712599
0.2425874203801167
0.010758531155270588
3.8133518612247726e-05
0.07070355472715278
0.12603247748808996
0.1639811671372834
0.052197108231630804
0.19453094774381016
0.014044448195244908
0.00686109930735606
0.00013311739181312172
0.04773040634220373
0.1381620713573977
0.16450991126934403
3.199242143509588e-05
8.547872633907203e-05
0.019019664416706626
0.0026548749157266865
0.004970430999068329
0.3247966807681521
0.05096599857912426
0.07723129971747023
0.003978688353199711
2.8221953939841604e-06
0.0020256828367401017
0.18225014965825997
0.3057013240342193
0.3076253384496052
0.00565744368264868
0.010336353439176134
0.0019141271188840205
0.5248372365363412
0.010032888015494484
0.004912542054900209
0.22400470423198537
0.057893022391281274
0.0383368743405636
0.2964021005873855
0.18992175823922555
0.28517306090554567
0.044304758013779935
0.49490511708015095
0.11636378786202106
0.008555817840931413
0.22675361393963103
0.10318270680875355
0.005434828888302465
0.18382671784593835
0.0033952612692639645
0.11785666170945551
0.33551183459417916
0.02236764702606264
0.0006138618052346265
0.4133857238515864
0.25015013834935435
0.31348599888400047
0.028045025895018796
0.0006939896129826686
0.29931909934959
0.014718930504671974
0.06477547585408339
0.0016757756618738706
0.05957943139904139
0.0023852760679662255
0.19085967572889762
0.005711494441081079
0.22423066048400353
0.49672859378744466
0.022312896471544854
0.003103852379902231
0.3395019236197451
0.37487211987493735
0.05262486281534342
0.17420806645765446
0.3547571790291281
0.013427493487828054
0.060569276561479396
0.24304870203099924
0.0016353165531096292
0.005464450615032861
0.005649338330252545
0.07785708272169255
0.14241342779925387
0.0010922807007522674
0.013552054012106044
0.2744406517524221
0.10890226159160084
0.04567065521256229
10.0
0.08907149676649521
0.3346325509998869
0.048712620216048386
0.0008110996136689338
0.1064581721059223
0.005965988819620302
0.06630939506109307
0.09119649859975541
0.08169727869138724
0.00919650160334438
0.00727198870426336
0.04423989271097037
0.14015004840655634
0.0007718371952247332
0.395846249489104
0.043986324063094086
0.017493962575705603
0.010518283341901776
0.1410594503978442
0.12554536565999827
0.41884423316462005
0.15014744105376246
0.05812990676185026
0.10518366729331595
0.27733347164232425
0.01573282174721683
0.022762935001715487
0.05362915906316229
0.24708913793866946
0.020063809319331046
0.08693705888455362
0.2382325915081996
0.027175518493943368
10.0
0.0650592533537043
0.20976126032840206
0.38858252795875986
0.19417282207586334
0.03486053808962232
0.13439859459752485
0.004586837998832885
0.11269698569887503
0.13794571111158035
0.00033114530658542087
0.1552149071175121
0.03949343251830357
0.2165721676971479
0.07166980853966784
0.0001133845943940709
0.46316266445408666
0.12745362216452405
0.16867197312381996
0.0015094238297837697
0.0018224170573634658
0.00794755514131162
0.012085911580403166
0.008330087220048377
0.08064374168143794
0.025897063178546325
0.00747855098125577
0.32380999516408765
0.01195875474473508
0.0017801744294825754
0.2238087988971421
0.35580737455973105
0.041540517671141246
0.31011769811506734
0.02227690776363349
0.010825360886694821
0.0007401156973227051
0.08741972210185017
0.00018398471384118822
0.040115308094113296
0.4715462553691812
10.0
0.470169430051848
0.25049072070887113
0.004139147289586101
0.0010533795522177684
0.36511768507116016
0.003818861711403502
10.0
0.005270509427036271
0.09022010952045917
0.009020306300511685
0.03281180507089224
0.14561253209318661
0.0004448234165252063
0.11208660109845929
0.023291001633485915
0.30921958461636234
0.0012798550954132145
0.36284222809101657
0.36898413849393114
0.040899381996224234
0.25507060504222273
0.012485241019333118
10.0
0.07974158791877597
0.0003382572462028986
0.5695641147999951
0.013495564876853305
10.0
0.012555141154849521
0.010141463625061358
0.38289142235044726
0.0710332781818963
0.0002969177136232396
0.5716726569033602
0.461788977598652
0.0399549176201232
0.06236866225028456
0.10798967677801834
0.16585738691055177
0.13109603983698465
0.00015382103889731858
0.028415568861457827
0.03924275379851066
0.05198966558139672
0.01230276908169616
0.23890578739503962
0.014755190143341155
0.14931342572645726
0.37555710074400495
0.023161474189811043
0.3308818766214235
0.0007492821879621302
0.0006225315894847232
0.010629839045308216
0.008577198829359789
0.018324139789523273
0.5109870062180323
0.00010214096794472668
0.05761030650674179
0.029401350640514218
0.25654783411948145
0.22852351427018724
0.07225106916734142
0.3912671367665506
0.021250170357268856
0.48876681879834777
10.0
0.004883597546692049
0.31585637179513565
0.02065161639994441
0.05140113606211144
0.13394693062730373
0.00890087091919314
0.0035608226915736256
0.01651694096340011
0.0018400501414094464
0.028348897353596157
0.16726539166197638
0.019304841667444356
0.032913584725578274
0.011691752367310761
0.12458735377788055
0.0034213158493887597
0.0005961835660623434
0.029273064854440367
0.215728580350045
0.005220522629971106
0.09223644485591427
0.04113791391479356
0.0008572707808870706
0.0006481345460982901
0.009316907928250732
0.37935302128150566
0.03423543320702475
0.04077199931267643
0.004649219740796528
0.12709538378938198
0.09193568859531438
0.13917065611399587
0.34193797462596337
0.009894690498576709
0.11197511301937
0.030284855841750637
0.5589454569731395
0.0004430849369377365
0.11415904149772488
0.3841610732398448
0.21970627274010443
0.2587259141058776
0.02983596894792123
0.034662194233462305
0.009372968053679495
0.02140740065155087
0.0026236951926424472
0.3607191018210825
0.08715373557749607
0.0030349231157254333
0.11949967714657628
0.01716046942652194
0.008233229430780406
0.018366766228752916
0.3113027723691771
0.013171960411337107
0.1839370544331828
0.00707935679096012
0.0013798060469570135
0.020223974624574526
0.3033170446446505
0.453890080219829
0.009567541536266265
0.004098755949635414
0.12068147884612443
0.3124153932363088
0.1465049556124883
0.3475990980973895
0.23633758763587853
0.1649139362200749
0.05063072097159733
0.2694501303128848
0.012943023776486587
0.18906952379380798
0.06889208838757786
10.0
0.25307727570175725
0.018909124667517895
0.000530482756144596
0.3452656603456129
0.4398740648421259
0.15121951449592771
0.17249264416139778
0.5260443681665472
0.1801192330091915
0.00886980419229696
10.0
0.0013719716253186944
0.0018705072813253616
0.0224271389410904
0.006077612291840297
0.588786715356432
0.0014138755536282144
0.05948688593156014
0.24534933331917338
0.30206435185324615
0.016150235879254352
0.006810322259456498
0.019906217784038616
0.0007837129934423136
0.3850040060182368
0.007405873725998734
0.0012729237763009472
0.11884273724970157
0.05101255358659043
6.400744933255142e-05
0.49996104770696304
0.0026754881947597163
0.1421946053347095
0.0002109197611303219
0.05579816424188744
0.035919900183112884
0.3801659031427228
0.30077325336257793
0.26178842724941775
0.07948969008282109
0.14308495171820126
0.0019410621155994128
0.280275803658604
0.008420081531265836
0.31654997765456805
0.08622710686939968
0.009140893029178645
0.08810129372275784
0.000801526712443145
0.0017446599587696916
0.10202590096417685
0.0499996098069677
10.0
0.17191154175728676
0.16179105320135534
0.005553270820718252
0.10868736827327861
0.004198413400083066
10.0
0.00813382038410116
0.186763427940621
0.006895665592664792
0.03022258685033117
0.07460347250565424
0.014143699162857994
10.0
0.27680357587392235
0.14621088231058119
0.029016719130172376
0.10276314849457457
0.04214290945296041
0.315221378012126
0.09873303035264402
0.001214718847396193
0.22880395000146897
0.48623359222636947
0.1075276264062656
0.08528338698212186
0.010970083138742814
0.025729063567261654
0.6796959113367399
0.3120488694373517
0.04467344925879955
0.1749634893237541
0.24079961694508403
0.1450121725087957
0.010410046576402677
0.27287659088449573
0.005493395123241021
0.02341034656005545
0.011284656290005687
0.2120538099326911
0.18714824036046085
0.10584264011010089
0.014071631581279066
0.5749842890725066
0.6396695620781624
0.24429785177057337
0.23941328665428463
0.09853211243754016
0.01687396007788382
0.0037464102751268995
0.11494325108195932
0.2596373035007084
0.3584810779349064
0.0002203571825275626
0.14876479021939878
0.11184183762796382
0.019427528217856687
0.21414788072117866
0.06580817301463794
0.6364086683763756
0.1570379998978599
0.20588268221235737
0.04800434002429067
0.0002871416287787295
0.22246965535208793
0.1832182530247484
0.2412082932350651
0.3212169398559635
0.09380773141102747
0.033828088740400906
0.011231553861473844
0.21090549122890961
0.00011720020256663952
0.09010354152578494
0.012839528183652135
0.020130277665248456
0.35536993481553625
0.014810008466672497
0.06411535284592125
0.06471241675632593
0.29851134133086465
0.04042295004186103
0.03439374707984162
0.016647326426722932
0.010855750358944665
0.0012936048385971725
0.6497128092142673
0.036504095388258724
0.13501884541241718
0.028228807259070326
0.32856713381441827
0.012888882707801582
6.574592892002123e-05
0.02473307661406376
0.024496350756050146
0.16795353266740315
0.026404719765476183
0.09341257853951251
0.14125458831228493
0.16097521205378082
0.11447804057384742
0.15145118269080263
0.1575541237139805
0.3318407012958146
0.0012493302589319463
0.014657632456840314
0.30884457165366036
4.6284004460876465e-06
0.23220266379556584
0.0032813347122068524
0.5351471009236043
0.11718590535540704
0.037163021677201535
0.009357954010307987
0.057795126077457265
0.22626758727953464
0.10156087006509533
0.0036080323399988795
0.00507482965107991
0.32702420554560147
0.016112621586796095
0.013288889647021757
0.04189058260718155
0.31061632341664314
0.30613303016109666
0.07265909031062598
0.27955275665682233
0.0036604799830752335
0.0006736472213585328
0.02109167571945037
0.3946838438308802
0.40917329055061735
0.08858646250770268
0.277803965805951
10.0
0.035729413318929516
0.3325520975525282
0.004752828257570837
0.28225874645304144
0.2872033712107299
0.010562445055425706
0.11468286422675596
0.14770892768432078
0.07651026323865613
0.260503966923557
0.2147985884881416
0.007301813629062118
0.012747772967005277
0.33597221314253567
0.0430446131093234
0.08995534167877783
0.107018366169343
0.46488492576515267
0.018652124085546215
0.012190761827026695
0.27088881743077053
0.2404255518787934
0.044811262848771446
0.03744585084692189
0.0008953817363857352
0.004857407530087628
0.23152655500571415
0.013260961237527708
0.002055756194206546
0.5300672622107513
0.5846012079489048
0.27381990386989946
0.20900161527737263
0.08194317111228848
0.044100566532639635
0.006658758998548842
0.04712471816391627
0.17302168162115888
0.0010253156484455307
0.09277119483651776
0.033197181604693975
0.040644165077865606
0.01001186826807653
0.05309228700836717
0.2080244814636093
0.14064102060058178
0.01633198545046759
0.07543712789241665
0.0014705904067139042
10.0
0.24057860536001652
0.21168475744666107
0.04255635051186892
0.6059068487273276
0.009075214934095632
0.0038367657189824775
0.4058906265870894
0.04239882631190083
0.07696255880265987
0.5768271369677432
0.31915718985339403
0.09577256721656217
0.013889295036772815
0.029184086569688815
0.2476948496698708
0.33791986861460765
0.27026199636438064
0.025536815580904287
0.278646966497653
0.16419980898132253
0.02613137305668225
0.16147512481831777
0.019542764100180892
0.10677373823647462
0.2878772446412091
0.029764578620988635
0.1531567809655327
4.7209698999067735e-05
0.022683371669170328
0.40269662316072025
0.18542640704774405
0.002286070168781599
0.045078694048174425
0.16620546574351677
0.04313774552119839
0.007629391933538269
0.2974410745272407
0.0884543836910194
0.564935194166925
0.29491658651980096
0.11982757185482863
0.03798981218429832
0.1581438720604349
0.6318697039797203
0.354076962206506
0.2014581326694579
0.16563039172938765
0.004068885797462151
0.10018156229953853
0.21070674075986828
0.13853631704419353
0.0013367957674793385
10.0
0.005611046783147952
10.0
0.01435886338303874
0.060979804139390664
0.009538393866113843
10.0
0.38970278112595974
0.07765612001270339
0.0639897087431084
0.0695179619910456
0.00040549327984119225
0.25721032672417554
0.1833569470313109
0.026938250918910524
0.4180599789309967
0.41727703383479514
0.1044878487604465
0.10099577641760211
0.03508583962843318
0.4905222463690625
0.3933451294401463
0.004511541789599219
0.006178105032651526
0.29529047096558636
0.09687320282945011
0.03684072692709272
0.5439609313270739
0.036667105394211065
0.06728689026036319
0.02672635994687412
0.007047635350856654
0.12495096597429364
0.05895103069796116
0.17778789565714595
0.01021698568217474
0.05345434095555772
0.017987011472051756
0.5221081965292327
0.0787945943209653
0.007166438560406962
0.045130328971225535
0.34262349735654657
7.247397771637702e-06
0.0015988085540209651
0.18502791255238632
0.0034516826357031487
0.031365192137392556
0.00011792268458748091
0.32058984858129785
0.00018649083057580202
0.00254605098908925
0.04981113158729868
0.2101139442617679
0.1701980155428456
0.008777823127770387
0.01781989227735768
0.0003468818753266927
0.578969388348244
0.03702742090516307
0.3464137305155792
0.02103579621452682
0.012786335444867687
0.4544934437399662
0.023789536913801927
0.025398731204670975
0.09991699805329067
0.09455563699619667
0.006219196342083284
0.00016720954829567606
0.18603015348335228
0.06789433970532105
0.17981378061545614
0.4855662890473878
0.01767819549102016
0.44506760372951953
0.16477178788247437
0.29695466350670924
0.024909610659816745
0.06657305577132566
0.01381919173931215
0.00993095013724589
0.011037612666252434
0.1239770824626457
0.09696238413164952
0.23602265338810163
0.12206568792971062
0.10488381485772412
0.36333981446344643
0.012614791076695237
0.0882349528966135
0.0016178189344425564
0.13012996722296039
0.022040204447058922
0.013635161985941856
0.06002238079112713
0.003957826684847916
0.026031647996367088
0.05145243228559118
0.45305554557244726
0.1627730871771768
0.0018018488612085363
0.07034737181336
0.2921901218721041
0.13590244092390621
0.09667722958129689
3.458884119749464e-05
0.10123613751615179
0.3983155124158347
0.004928662434990233
0.26899562063048
0.04763862858411782
0.22581018824703208
0.06815732388338934
0.00013718135318035456
10.0
0.015375238229778444
0.04916006243482893
0.06705172236257932
0.06836727282375372
0.17524597979390308
0.1282697560618134
0.013589916549386663
0.0004759804825732723
0.012460428241305745
10.0
0.14202497956089233
0.0011035920526662453
0.029224681100483044
0.17045097528287473
0.0038708126986642688
8.150500297689446e-06
0.36159563015794005
0.6072159413552068
0.5287376019647027
0.007897997354070431
0.37050114844273224
0.3512584702554331
0.0025576558565490147
0.00881832734831201
0.005390802669056723
0.006039049813977888
0.29892245672014806
0.17065001907961652
0.48114309516975223
0.012007590049955429
0.546477178704584
0.0008282360202248667
0.5267803071375088
0.02061327962546531
0.5895556399665371
0.1768698023516438
0.2934853279620535
0.13723031779533462
0.2679130477905951
0.31751232370632876
0.08266211008129967
0.08249313887619338
0.012150776926561652
0.08940783541111795
0.24468749499419737
0.09717815772206594
0.03725321907811505
10.0
0.006248727794685176
0.0003567482776486282
0.020383914125287214
0.18689324900098914
0.011572791223190696
0.4383046070335039
0.0036952946721523707
10.0
0.002110732639952968
10.0
0.16202179661924357
0.42246280893039284
0.3834441890097009
0.5862479756686491
0.503911760017429
10.0
0.005040714917034205
0.21721251218200388
0.1183020048289727
0.09422679424703655
0.006454499676346785
0.00018811641512269517
0.04102728385535222
0.44581950377328555
0.06963227225830397
10.0
0.013732855137821603
0.14960862754528093
0.09142886687970853
0.5677232754047765
0.12513289561692575
0.04263295614751716
0.04527299662890266
0.05445782368862113
0.02701727238994005
0.05413704167136755
0.030430255348444967
0.004315387906491142
0.2592732852693996
10.0
0.01746339248295055
0.5087757589605125
0.0028428783057619688
0.08087425823997163
0.04141905030913908
0.16981139662896083
0.023921909202682064
0.0011369617054534976
0.1532965812365655
0.13628908136775522
0.1651770107083958
0.07514282859813341
0.0001445416532173167
0.20042484711954556
0.07120344581722911
0.13042819479648735
0.2642116778971763
0.056241633532035366
0.03343844493879128
0.077990561275043
0.0812697275586117
0.10836990461594675
0.0022122641365144805
0.1684345698666636
0.00045141607941502447
0.19543725722305602
0.03119698965315643
0.05679295392677967
0.037674877647528617
0.506396150272712
0.011816358090063974
0.04972818169252903
0.24641822234958358
0.05355844613537244
0.18115039634041583
0.14711258611144057
0.0005382268675303099
0.009280016117813317
0.4661726820539924
0.5510551860296453
0.0029749344943083454
10.0
0.19309862569252806
0.0011681638977285853
0.06087292188318424
0.07390948243028317
4.94900401021686e-05
0.005139853032955635
0.0011547302404287454
0.018187342298265484
0.13461177158755835
10.0
0.002577614422374758
0.13163749387275595
0.3184320664382845
4.115891207452106e-05
0.047967064431403784
0.6130410494608313
0.29777610244498126
0.1527481277949763
0.045005429891872575
0.0013155954284554538
0.32898068685804
0.018267989353841906
0.035503163594714504
0.02772433404352142
0.07289685466429635
0.0023178593776986204
0.032273171706077804
0.0007139934206325573
0.2373058724898506
0.49903328975946804
0.0004968647429378593
0.023349274287855302
0.018811905608340222
10.0
0.2112163622378013
0.1046099031390906
10.0
0.07745109261986498
0.002786456968222066
0.015119818004979154
0.013387237656605197
0.1817034794467946
0.2705908615104834
0.11375657421823093
0.2756537900981494
0.212453952265042
0.013851342189239592
0.000563062259244935
0.08757469449532065
0.2599526221089204
0.03519218002312398
0.11100466144181745
0.10230672076690084
0.324289587977292
0.22748801691381632
0.1457649078862742
0.006931789838203265
10.0
0.08050739574144318
0.0005170490988447562
0.11910673651500914
0.15625489730057782
0.29956198913521265
0.36645145479494334
0.5007209860856929
0.5564549487401039
0.3787704970327776
1.6278423032155135e-05
0.02308897759840814
0.17231459713714567
0.0032436527954314443
0.021307381974542437
0.4580332010521574
0.04959253569311606
0.3227299524562397
0.0005769700525957722
0.3765175047640937
0.09412925917422296
0.0037300415779663127
0.01981480126696313
0.2714472729134563
0.1116271694350393
0.0024859945555096856
0.5981885530691823
0.24809587198532307
0.1004463519601769
0.20946400377071112
0.2524224801315204
0.0001251023568944125
0.30391085695247216
0.016037370604936936
0.019262282997028268
0.15538918278561542
0.0021591390509464645
10.0
10.0
0.09210116009751172
0.2334884102839201
0.009741501624222881
0.1760243856800641
0.2937488980730407
0.290735788683575
0.0005033896659134033
0.005197470974117736
0.006098699735823606
0.024352057513826127
0.13565677391739547
0.42689896254602194
0.07922686456180457
0.2833993213055307
0.09963078261033863
0.4022261515385326
0.006515436555416227
0.06138066837577678
0.04226053862922685
0.18566247804805397
10.0
0.04751485831067422
0.00599071128739507
0.13955770273723697
0.3042256784930538
10.0
0.1354566463976224
0.015280615626487273
10.0
0.25093741833768096
0.05874157896972352
0.0335138089168385
0.2942266841032074
0.19107070839229326
8.134702505756509e-05
0.6084846876971143
0.30727279034285926
0.03624955543555363
0.002354773772924008
0.2899964872812884
0.023997476342673546
0.34048147211291846
0.001764979765605856
0.28078294124334935
0.025964818409439257
0.34922210844084234
0.024066721764982663
0.13141300570420414
0.09830414624054004
0.39008373289087306
0.10299203946856138
0.049056183102893926
0.07447049058644492
0.041293993150719965
0.01048936151962907
0.286246286273045
0.10418436151780783
0.029656274086675982
0.23963186058501382
0.12038228054575428
0.011877272355446163
0.0008357995111053703
0.19135857268371326
0.03562916893853777
0.2066551744386814
0.35000019845786384
0.020880169107849053
0.24510527022274892
0.35736346500600347
0.0014604305032958223
0.013071422414252094
0.03239283293527606
0.0485135769972922
0.03303335880646819
0.47104742632767554
10.0
0.2527933171481419
0.25701087689253804
0.007521516120056783
0.08108867789908097
0.05553098056482481
0.4013237700495377
0.34690887923367075
0.05744937363659937
0.004127610147590969
0.5230579670589387
0.010258054305671043
0.599758622097594
0.14278489626516158
0.0023447493348848335
0.29789684725271437
0.10623555762224335
0.26363922360285474
0.3251861664906956
0.25210456492292554
0.0022580739904739947
0.0024797857184182598
0.02625649798391492
0.19364310692796669
10.0
0.07364062808579555
0.004093382489605406
0.010298197285202246
6.231412487138419e-05
0.00027348219584737664
0.0837544803553728
0.03965526863546844
0.18046062888346373
0.39281232206920047
0.026479993433270798
0.09761550816748295
0.002854731533641218
0.3000333190660411
0.00040246788637891893
0.12380664461903709
0.0033523864118162766
0.3680956662288014
0.13755520943481916
0.28551481802082834
0.08389920217393158
0.06561908646510738
0.35182378931731684
0.004022579179314747
0.2847477892035459
0.41972103301022107
0.19902663951331634
0.05972313769687168
0.0011103201664853309
0.06881385716738272
0.0528728780329183
0.3179011996540466
0.5411163158710914
0.051805590167162706
0.00043050923426246596
0.36940317806601913
0.20289551238387868
0.028287237992505872
0.028574853605614306
0.06159924143952753
0.32779830023704776
0.05111110461362173
0.0016246599433022185
0.0002229310247268101
0.022232317040285582
0.004903149788629271
0.017022497901980287
10.0
0.07613165954031058
0.2292149752249962
0.06218630316433926
0.21147954943331745
0.003061835571001775
0.07820333223018079
0.0019975285360174164
0.015532400755246902
0.11308737452394456
0.04896779190703251
0.03361874943036571
0.06070417753743248
0.0011903125233041054
0.10603003460673864
0.1578408587660019
0.24684437403468476
0.2536507689252248
0.0467033304096634
0.12314035681628753
0.022104437578100253
0.18139737248434834
0.026270744433488206
0.013686954988059125
0.0752813419841907
0.0907860838735358
0.05007951183908423
0.013352061740967279
10.0
0.17665662536161028
0.21273242429019107
0.27208998858430467
0.05388521160422623
0.16928716800953045
0.03041131273683693
0.11654612498451293
0.00839813613988278
0.0864246609082145
0.07135254876676227
0.09541450946192531
0.08322643674187957
0.19017638835768685
0.002947209246758557
0.12626491295887102
0.09556817271797402
0.2036717976408121
0.07319009263249097
0.0006585428099358567
0.06113518256775686
0.015947940768922357
0.00894832902918536
0.030140472289274016
0.002803367570247205
0.08932265030147223
0.2255392343697919
0.4317625525642816
0.3256745195428991
0.13981486154277123
0.48046427851728646
0.04173626492691836
0.014556146274351148
0.008977499240776832
0.04374957494115939
0.38096478763726815
0.22823440875465545
0.0017021689126707552
0.39918689364627935
0.3589063944307915
0.10719869334685289
0.24618334777950016
0.014195446937600758
0.012683223706730909
0.07411850558218604
0.0008639763099181847
0.23103738988371922
0.042971190873955394
0.023648878623121167
0.0039245924974395715
0.023601939833205528
1.8039472957956034e-05
0.14184381719416636
0.22016222680856531
0.05841330047902169
0.12188648926911728
0.4494949952276963
0.1842922221152399
0.0017125094365940477
0.00189071422202023
0.0033725933669607852
0.10775365057159371
0.0029568724437873104
0.3972002255900461
0.2343322237678955
0.008306177544547056
5.685034013913072e-05
0.2350134124733321
0.004378650209541785
0.017552325540327596
0.441962782038839
0.15602648027479668
0.37697993805131746
0.000116545453235252
0.0007568456788426338
0.006783342035366601
0.3305685231643082
0.024663786108876543
0.03817650587337586
0.03147442246016672
0.561587731224437
0.014438720332277168
0.20760155782817724
0.11350476597004663
0.056611453438467935
0.18255840094734407
0.04939556903218417
0.25138388910713627
0.2355238474660206
0.08665059404080798
0.14327801191884645
0.07935761126613781
0.0011476860407255418
0.018138687613550347
3.975910315914086e-05
0.0017246561655694435
0.006830438904348401
0.03843100016521724
0.30518073094431775
0.3966886404059804
0.011069063175598085
0.005846530853513786
0.06349925659164155
0.031125418705718628
0.31320933306390353
0.11289663927044243
0.00710310838739528
0.04784609377579095
0.3620479718162967
0.3919177318263183
0.32972547623375686
0.30455077228300775
0.22053128045056658
0.02795139670450628
0.0034936769465134764
0.1093904334453135
0.006986834009414321
3.587576229711837e-05
10.0
0.014858505072321476
0.0001769404996883442
0.021518053252431255
0.007125099006152842
0.4823133354230101
0.3439932105608666
0.2246645109375188
0.01996315847055438
0.21333953604705239
0.24841439696874354
0.3737949670951728
0.002638754463388461
0.028812459880218518
0.027461508522504906
0.0041624473347582356
0.5209317472654877
0.018786009107281586
0.29120813442412474
0.035366840196158794
0.4595057769117127
0.27323923206507283
0.012920175282577478
0.36731407665336735
0.08035052611018598
0.16689735498566766
0.04022722503853016
0.4923928202343309
0.2554954475899021
0.04682825214605253
0.09179692681993833
10.0
0.016789384454070872
0.013957795435622042
0.0019490320026166396
0.08358634520646102
0.09305027663649242
10.0
0.2020254619653164
0.13300381950337664
0.18272337538191108
0.2668848633972391
0.005725876356033273
0.2558207682392106
0.0017965431266431622
0.00446094543445307
0.004662630813308396
0.34489532039662174
0.20119905495167628
0.07602367101963384
0.35299472893317085
0.07615656262859055
9.112311712689542e-05
0.04639880423787876
0.005564446721702963
10.0
0.02522951233272793
0.363722300780172
0.1957312394922285
0.039325048980073024
0.11513764353945095
0.01588919387735449
0.16908460139045503
0.016400260001437104
0.06366511100930994
0.011365619359218024
0.33518147969014944
0.1535155612021904
0.26081632769037566
0.04534702849459985
0.06014161286600501
0.2368779593935826
0.37809538237818663
0.20049623744647815
0.011509370884422812
10.0
0.16378760986900787
0.0025077819834237063
0.0046154211648831425
0.00209614746190903
0.3341745653119834
10.0
0.20251589287581181
0.09905408330065542
0.03499042691880402
0.06623394077279324
0.0030710923718938053
0.08231714659080853
10.0
0.03939856152569363
0.028474473687595453
0.027780484479202786
0.10214091114311774
0.01092393459966157
0.0035263692579565495
0.00017197343579505961
0.05046387227417185
0.018403748349442937
0.0019819951725693263
0.01623399868189457
0.021594297647069074
0.022993971212667497
0.28583158159308203
0.11854839373951866
0.19179000701285442
0.0002048915445441063
0.4109034543700273
10.0
0.27250844150099174
0.1373669797489653
0.06269933360143942
0.009183587237221841
0.0077534331810885995
0.00371030871552388
0.15978824056188431
0.62951145330542
0.15097373478222173
0.04417572720424619
0.0040038171882119215
0.4286584764750465
0.03852729343593341
0.09316284829411656
0.09044685616780812
0.029488206562081346
0.4074240036435906
0.20870250772074428
0.007674276129083041
0.1019097167519521
0.0006024827134063746
0.02760151209997838
0.009706845028661544
0.24905266504027163
0.20229406777598885
0.14453357296387356
0.002077904790882785
0.10822265411031502
0.3525313015106864
0.10567224706037757
0.014628191314491027
0.00018193014836960028
0.06254208105471117
0.03993118856512709
0.0015784435198102963
0.0038852397687427656
0.0014840466343520751
0.26866364014190336
0.012347811356307093
0.035285244810681814
0.2790441741080353
0.31166387755297786
0.06051032650796727
0.1847741407425658
0.13653370915612717
0.026669735418490676
0.007728597789373974
0.3187339960096862
0.4479247036748222
0.07275998940422501
10.0
0.13691080012161752
0.01186864772632237
0.07425008762023177
0.07675884199220727
0.015028085329771347
0.013140284054111741
0.2811802167670415
0.24348517220432206
0.09974771184602328
0.015479320868154109
0.007825974855369604
0.03264547608368364
0.020541641053710355
0.17901119412303598
0.016448914729501163
0.09803177051868284
0.035558162538551055
0.046558834005495126
0.01599594074043021
0.0006832201081346813
0.3837777054950538
0.06422042889707558
0.17383946480040544
0.28873209895093066
0.05472999624853407
0.050210642325866944
0.029919031838878937
0.2041289929333848
0.27469352045971657
0.030720422190065395
0.5911919707110083
0.02955038524324821
0.0037585570041022954
0.0697601968033674
0.01450220851210681
0.14420859188111484
0.027338076948632682
0.2131179594810446
0.008072273874702532
0.030087234323115063
0.13282565977192928
0.338477512027502
0.008101873096117979
0.11773180771298065
0.03901722641182008
0.3139977646885713
0.15833602915855405
0.03976919509137807
0.0007179219166208824
0.15430783209631696
0.004547665890641289
0.11067654189716021
0.0006889773939630815
0.05651814040608774
0.429498858891905
0.06863978422773445
0.0067697051872232196
0.01917840731379711
0.008035653023922213
0.42564461960568195
0.056159722132922474
0.17106964675206948
0.17918565041164453
0.35970171130911793
0.00011410707641491229
0.055037231727896874
0.4789417605100549
0.1481944354578298
0.0018508422165957647
0.007546125736139895
0.12100481266987562
0.27702237521904205
0.002798694007450067
0.050322897969855174
0.071463969077038
0.03079639576954252
0.027068320224101026
0.016696297125073988
0.5121399531416393
0.027503999568603842
0.4252295088908233
0.23467039101451298
0.3313026096913683
0.005286065331923412
0.5949504117711958
0.13083750398071867
0.29826689387400507
0.17964952866290998
0.037785756096288724
0.002454972969290168
0.03101465310865018
0.4248332043829671
0.03391277721590551
0.017415889290080228
0.04343448246981994
0.0988111487211475
0.0004488873923420796
0.00048731441927522167
0.005420537283602876
0.05209648006878959
0.24993436475893793
0.018973493336186333
0.0079813764176101
0.06280583193069997
0.5738432862216682
0.0013527355415137922
0.1394375901012721
0.400816135397162
0.06717933074951044
0.2379356066037485
0.37432551743228554
0.025030468391489723
0.0004369889948868872
0.04950972119147711
0.18954489384409695
0.003016228893436162
0.1272806108399572
0.16297457007322097
0.0019605465598237994
0.1808670027677408
0.06595605641451993
0.0014309893609465354
0.0887223116690599
0.09606702415642235
0.059128196294147846
0.10509236362793212
0.12531828016858154
0.06388409083043844
0.2881736876841446
0.596947509577882
0.0048380811360301205
0.1412395290415389
0.0001261635023625233
0.16661667072057076
0.0010009318802421336
0.44245759263534473
0.17087997210217395
0.058232679973811347
0.01851096916072433
0.20728644295989515
0.3301058630177299
0.015622756090730177
0.11558533458103946
0.24873994303244254
0.15054636354746936
0.06938877310244569
0.19204100160178686
0.2894935270875875
0.05463921190322682
0.011329021165473878
0.0021477825294565437
0.207025265709361
0.27606808917670583
0.0036195920523323416
0.0515644169988216
0.009440994215330243
0.0007604355186085097
0.4169021783731737
0.07236127021695878
0.011616591695704205
0.015157183908118646
0.01171455577834177
0.3577491576979375
0.2780431521487348
0.05797743993602806
0.006491775269233672
0.055450807601950466
0.08893871815372656
0.12804587622312316
0.0005709869911358593
0.519377484698728
0.002328267641536187
0.012042991668976658
0.3137396348672011
0.001876422617320641
0.1478660227299685
0.00019599597743767642
0.20393024246434346
0.06377714094991487
0.0024288056097219197
0.017275547157531785
0.05072911406405887
0.0028789121399003543
0.022847871765391374
0.03202427664989794
0.5575111495412641
0.20434025101117095
0.022342902016848822
0.07956728913124798
0.25114337050750607
0.06163556870251386
0.0007922698971014741
0.07059949477471257
0.47826066370433135
0.0005117659490673534
0.04545921636977453
0.02515676735200626
0.4512670167654657
0.016943318351884597
0.0027378023413054888
0.27921684731101637
0.29441060057139684
0.4201413152513849
0.14982963913034844
0.00852066461122895
0.3337039361887152
0.035777548683568076
0.31428813498112884
0.15080844390052958
0.060650894488395425
0.11700386300557968
8.773648265420138e-05
0.0001933092546474927
0.19153526433169427
0.25452339282474534
0.0011168902445871775
0.45039482346522963
0.1758025389057805
0.1544616528534462
0.35208446950022065
0.03086338343553651
0.014693214696366752
0.12997731977663296
0.09518096743768113
0.20337639208205857
0.09525750544901222
0.004938777183282013
0.24964604963873693
0.0021819198193909397
0.0033779442422028215
0.19162979662473284
0.0002884737050046558
0.011933467874005631
0.0033252481086602195
0.12919658807635045
0.033276270844537055
0.002037536064619351
0.01565249070527633
0.0988929698100078
0.16219959510968052
0.12764295724786978
0.0006691542790666051
0.16637416529538324
0.19381616449138286
0.00022588867827480933
0.17708203144526594
0.26440175858196757
0.025985205985088976
0.06205399864427268
0.05563533413395829
0.10628418976551944
0.05995214195603935
0.1884808584479028
0.00016867709712533035
0.19501343135207633
0.10051426527013599
0.0065746349982471215
0.028151840382411666
0.0645714649934483
0.053698675416229226
0.4296169847023125
0.28742537693105813
0.159155233604432
0.09463285226217409
0.052424644985317743
0.022167812833990035
0.020260482508066068
0.011753547266028154
0.09430782508506244
0.06462817983208435
0.023530775354152652
0.13663399876389343
0.0494388501846211
0.06519921170380327
0.12934435833554797
0.1735764582253945
0.20676216954657947
0.03152829259809391
0.062286163762281535
0.2352943683916688
0.22062308089458793
0.2774619153629679
0.02906397393372393
0.05479610335344106
0.02528602400941972
0.020923359950033377
0.02727169891296788
0.0014937324161688004
0.09505712953992039
0.020996104786258643
0.2924115173841174
0.0048689898272090614
0.08330094270027884
0.05878156387018856
0.015175833047529817
0.007703604419740672
0.5127862581031672
0.07728695337451406
0.14505913384015037
0.000961714631373876
0.00023114925771388094
0.007801929786737578
0.04094744959204924
0.3347153429600868
0.2336762782952743
0.10340667637971078
0.21745793036570665
0.03205299531022639
0.07659707393284876
0.019628694377782915
0.2299693584394678
0.0614465723187395
0.03782188019733079
0.003570711664233892
0.010126968757270026
0.042052824903738545
0.006331451986071516
0.07562386695336511
0.06322771678148245
0.07619523795814462
0.005573906727888175
0.010774019435840578
0.0004927330416563524
4.3394090826499125e-05
0.003934007348498481
0.019102953025497287
0.0028280674243347202
0.006341747354868506
0.0014957418265140858
0.0024925646336115322
3.9149508954055937e-05
0.0009640852827295821
0.00030310396592669403
0.0016862403688968333
0.6869897372479284
0.26252895571516854
0.4777540551209217
0.06868523960311526
0.47450629917669823
0.10327508981892759
0.06490189885031326
0.018747116960873066
0.12409067024788324
0.2670200314025471
0.008737885636575552
0.03479737512784954
0.398477460951202
0.27826813305002485
0.6926613835254918
0.19425962829066742
0.006390042990583675
0.1032138774574636
0.010694661418236103
0.010173609624499553
0.12632898127731376
0.3405614915772627
0.008348027416751776
0.06285014939689795
0.10089545756376365
0.3442113848145419
0.31680769392722957
0.2901443543530767
0.2671872867128539
0.07555441381747499
0.0029922153611443452
0.24941994368844408
0.005167758901010634
0.006590936071090557
0.003077888225627165
0.00271915327414252
0.010442829198098354
0.001182681306958968
0.0008474721184794093
0.0018302288942138134
0.00020042118704015018
0.0009279837520258436
0.0008057938791035597
8.511741308110143e-06
2.7702677211529892e-05
0.0027413244411570907
1.3185296880427914e-05
6.030471452609885e-05
0.0016514595468869052
0.03228811812513216
0.001226843006033258
0.01252825124101223
0.0009073704296438923
0.00021322267257175382
3.7027203568846097e-06
0.001522834902295638
0.0018726070019232522
1.4178709659084832e-05
0.0003051585241734617
0.00045970205231636943
0.00046904916346100496
6.366872808737253e-06
0.0038479642047551596
0.0006285372212829673
0.006285190595298616
0.0002672282036296481
0.0002724436279424171
0.0028638528691543406
0.0005219935923997097
0.0032940233026978794
0.00014271286337724171
0.06953080861725386
0.0018586088983198097
0.00868159748137137
0.007219021668862223
0.00040104549990038746
0.0001793563061703528
0.006964662770151548
0.0643576779395964
0.009800632298240219
0.0011952570168590588
0.00015982667792038285
0.0010312083852031982
0.0018876210886436826
4.468101192612286e-05
0.0009781511117976582
0.000398178142155353
0.0006913028901924849
2.4632128622953967e-05
0.00011042694084607164
0.00014185491597749255
0.00153351409689102
0.0005063699042493741
0.00033694774754012354
0.00012135448141129777
0.000462591980399735
0.0009137373024525571
0.00010478255005824825
2.9305691420091945e-05
0.004248332471683598
0.00036699849131931547
0.0036428017872518715
0.00016368744844407425
0.000994655317686074
0.0016554106276632017
0.0007113969936453383
9.870917834573006e-05
0.01689087063656004
0.0038200583222505204
0.0027326998120332964
0.0014260900225178846
0.0014168783767521567
0.0001565755016017764
2.1674460625966464e-06
4.0413838041540135e-06
0.000274814272073303
0.003668585335471368
5.2379946511725735e-06
0.00020787178288007705
9.008447697438601e-06
0.04670673962892407
0.0009097184962116268
0.00015849460169445654
9.031025261242061e-07
0.0003155216328847257
0.0003039393357632919
0.00011850970122941455
3.2918101524298915e-05
5.644390788548025e-07
0.00030120745062198537
0.0009244842225125729
0.0002795555675598949
0.014900905808167808
2.567069652791347e-05
0.0003760295310294733
0.006716986541140848
0.00011884836467668396
0.0004317058451094845
0.002232877458896432
3.0570034956564384e-05
0.003789894661756291
0.0003852637615831726
0.0008754457119990418
0.00014508351473294776
5.870166419408794e-06
0.0003783324424709053
0.00027926205923892806
