3.9346920000000003e-13
3.8953170000000004e-14
9.70317e-15
2.2421250000000002e-13
1.750644e-13
8.756721e-14
1.4132789999999998e-14
3.754692e-15
3.234654e-13
1.5163559999999998e-13
4.3199999999999995e-14
1.484721e-13
1.365894e-13
3.474e-13
4.7657789999999996e-14
6.980625e-14
5.470317e-14
1.6020000000000001e-13
2.300625e-14
4.2075e-14
4.5113939999999994e-13
1.783125e-13
4.260942e-15
2.79225e-13
7.339221e-14
8.166095999999999e-14
3.0121829999999994e-14
1.1109419999999998e-14
6.749999999999999e-16
2.84891e-13
1.64828e-13
2.6375e-14
5.77031e-14
1.22359e-13
3.05047e-13
1.6489100000000001e-13
3.3899999999999997e-13
1.0456300000000001e-13
2.3296900000000002e-14
1.2051600000000001e-13
3.60734e-13
5.98422e-13
6.04531e-14
4.9718800000000003e-14
2.53922e-13
4.02031e-14
6.37656e-14
2.63297e-13
2.21875e-15
1.8823399999999998e-13
2.8125e-15
4.2156300000000004e-14
7.34844e-14
1.7109400000000003e-14
1.0296899999999999e-14
3.98063e-13
1.25156e-14
1.9825e-13
1.35e-14
1.89063e-15
9.39063e-15
4.14844e-14
7.76406e-14
2.03281e-13
1.2703100000000001e-14
2.61672e-13
1.065e-13
3.02344e-14
2.875e-15
1.24797e-13
1.54219e-14
3.48547e-13
5.1984400000000006e-14
7.26563e-15
5.72812e-14
9.96875e-15
2.1331300000000002e-13
3.70312e-15
6.88438e-14
1.475e-14
5.39672e-13
2.6475e-13
5.4328099999999995e-14
6.95313e-15
1.34375e-14
2.325e-14
1.4181300000000002e-13
2.30313e-14
1.21094e-13
3.84531e-14
1.62141e-13
3.24469e-13
7.57813e-15
1.00563e-13
5.653130000000001e-13
4.98984e-13
1.0296899999999999e-14
2.3704699999999997e-13
5.46875e-16
1.21094e-13
6.675e-14
1.51203e-13
9.67188e-14
5.97922e-13
2.1453099999999997e-14
5.4625e-14
3.87969e-14
5.3e-14
7.59375e-15
8.264060000000001e-14
9.35938e-15
2.0651599999999998e-13
2.2125e-14
9.03125e-15
8.159379999999999e-14
2.44313e-13
4.75156e-14
1.45109e-13
1.4326600000000002e-13
2.14375e-14
2.07938e-13
9.03125e-15
1.27344e-13
7.35781e-14
1.5823399999999998e-13
7.11719e-14
1.98922e-13
1.73141e-13
6.420309999999999e-14
1.80656e-13
2.035e-13
8.698439999999999e-14
3.60625e-14
7.39063e-15
4.0125e-13
1.025e-14
8.14375e-14
7.13125e-14
6.16875e-14
4.8125e-14
3.94938e-13
1.1059400000000001e-13
3.88125e-14
2.93438e-14
3.03781e-13
5.38438e-14
1.67344e-14
5.15938e-14
6.4875e-14
1.8873399999999998e-13
3.54906e-13
5.85156e-14
1.0496900000000001e-13
1.25188e-13
1.88109e-13
2.46031e-13
3.3375e-13
3.27188e-14
3.840630000000001e-14
1.9271900000000001e-13
1.10094e-13
1.72438e-13
2.4546900000000003e-14
4.27625e-13
6.582810000000001e-14
1.32062e-13
2.0171900000000003e-14
5.12312e-13
1.40625e-15
3.07438e-13
6.096879999999999e-14
4.88594e-14
3.10328e-13
2.15156e-13
7.85625e-14
2.67031e-14
4.3421899999999997e-13
8.79688e-14
1.1843799999999999e-14
1.56875e-14
3.015e-13
1.7015599999999997e-14
6.62813e-14
1.47672e-13
7.04531e-14
7.83438e-14
1.375e-13
8.59375e-16
1.0226599999999999e-13
8.07969e-14
3.6071900000000003e-13
7.32813e-15
8.30313e-14
1.43969e-13
8.694059999999999e-13
1.0385899999999999e-13
5.1156300000000003e-14
1.41297e-13
1.14156e-13
5.8125e-15
8.84531e-14
1.2743800000000002e-13
3.5718800000000006e-14
2.1078099999999998e-14
2.66875e-14
1.65125e-13
2.0307799999999999e-13
2.1203099999999998e-14
5.328909999999999e-13
3.50938e-13
1.83594e-14
3.26406e-14
2.38422e-13
6.170309999999999e-14
2.54688e-14
1.495e-13
3.3421899999999997e-14
1.44797e-13
7.584379999999999e-14
3.35594e-13
8.01406e-14
1.51266e-13
1.9875e-13
3.30172e-13
5.17875e-13
1.6757799999999999e-13
1.28125e-15
4.01406e-14
8.073439999999999e-14
1.23438e-15
3.0625e-15
7.75938e-14
5.49328e-13
1.7885899999999999e-13
4.79078e-13
6.582810000000001e-14
1.96875e-15
2.77437e-13
9.96094e-14
8.58281e-14
1.36109e-13
7.548439999999999e-14
4.99359e-13
1.9140599999999997e-14
1.5625e-14
6.1125e-13
2.3171900000000002e-14
1.3900000000000001e-13
9.320310000000001e-14
3.05e-14
2.1578099999999996e-14
6.55625e-14
2.32719e-13
5.14063e-15
1.50313e-13
6.93391e-13
1.99047e-13
1.69563e-13
6.90625e-14
1.5618800000000002e-13
2.3296900000000002e-14
6.01563e-15
7.46875e-15
3.43281e-14
2.57031e-14
6.90625e-15
8.53281e-14
7.61875e-13
1.6368800000000001e-13
1.68234e-13
6.76875e-14
4.31719e-14
2.49844e-14
2.1110900000000002e-13
2.7968799999999998e-14
6.50156e-14
8.69688e-14
3.8825e-13
5.61375e-13
2.62656e-14
8.44375e-14
1.82078e-13
2.525e-14
1.33734e-13
1.82531e-13
8.35719e-13
1.4910899999999999e-13
1.6031299999999998e-14
2.35625e-14
7.9375e-15
2.4546900000000003e-14
1.9843799999999998e-14
2.26563e-15
4.2000000000000004e-14
4.818279999999999e-13
1.9781299999999998e-14
3.7057800000000003e-13
1.15094e-13
1.33953e-13
1.97984e-13
2.02e-13
2.1060900000000003e-13
1.3675e-13
1.11609e-13
1.60109e-13
1.0468799999999998e-14
3.22422e-13
1.82875e-13
1.75141e-13
2.62469e-13
2.5359400000000003e-14
4.26875e-14
9.523439999999999e-14
6.62188e-14
6.45766e-13
2.2031299999999998e-14
2.135e-13
1.80516e-13
4.2142200000000003e-13
2.00828e-13
2.00922e-13
3.40625e-14
2.58531e-13
1.63063e-13
4.065e-13
3.91219e-13
3.8625e-14
6.96875e-15
2.4375e-14
7.08281e-14
1.8515599999999997e-14
3.46609e-13
1.20313e-15
4.29078e-13
9.84375e-16
1.3025e-13
6.16125e-13
5.2765599999999996e-14
1.355e-13
1.39547e-13
1.9984400000000003e-14
3.45422e-13
4.09859e-13
8.4625e-14
5.1e-14
7.312810000000001e-13
1.15734e-13
3.00625e-13
2.31563e-14
2.4279699999999997e-13
3.07375e-13
3.8718800000000006e-14
2.28563e-13
1.41203e-13
7.982810000000001e-13
2.2578099999999998e-14
4.440630000000001e-14
7.40625e-14
2.2490599999999999e-13
5.48703e-13
5.442190000000001e-14
5.92219e-13
6.25625e-14
2.7859399999999998e-14
1.65156e-14
2.57984e-13
2.0968800000000002e-13
2.80484e-13
3.475e-14
5.73594e-14
2.86438e-13
8.1375e-13
4.0999999999999996e-14
8.875e-15
1.0781299999999999e-14
5.654689999999999e-13
1.0657799999999999e-13
2.67969e-14
1.6785899999999998e-13
4.29531e-14
2.92594e-13
6.74687e-14
7.198130000000001e-13
6.41719e-14
4.34953e-13
1.53578e-13
2.3301599999999996e-13
1.74328e-13
4.5281300000000003e-14
1.93859e-13
4.225e-14
4.84688e-14
6.13e-13
2.8476599999999997e-13
1.73156e-13
2.6899999999999996e-13
7.85e-14
9.42344e-14
2.06031e-13
1.5881300000000002e-13
1.0156299999999999e-15
5.76422e-13
4.625e-15
1.3406299999999999e-14
3.7375e-13
5.02e-13
3.99531e-14
6.06563e-14
3.3468699999999996e-14
8.25e-14
1.0125e-14
2.5e-14
5.13641e-13
1.27656e-14
4.20563e-13
1.54781e-13
2.42e-13
