0
2
3
5
7
11
12
13
14
15
18
19
21
22
24
25
29
30
31
32
33
36
40
42
43
44
45
47
48
50
51
52
54
57
58
60
62
63
65
67
69
70
72
73
74
79
81
83
86
88
90
91
92
93
94
95
96
97
98
100
104
105
106
110
111
112
113
115
116
118
120
123
126
127
129
135
136
138
141
143
144
145
146
149
150
152
154
155
156
157
158
159
160
161
162
169
170
171
173
176
178
181
183
184
186
187
188
192
193
194
195
196
197
200
201
202
203
204
205
206
212
214
216
217
218
221
222
223
225
226
228
229
230
232
233
236
237
238
239
240
241
242
244
245
247
248
249
250
251
257
258
259
260
261
262
266
269
270
274
275
277
278
279
280
281
285
286
287
289
290
292
293
294
295
301
302
304
306
307
308
309
310
312
319
321
322
325
326
331
332
333
336
339
340
341
342
343
345
347
349
350
351
354
355
356
357
358
361
362
373
374
375
376
377
378
379
380
381
383
384
387
389
390
393
394
395
396
398
407
409
412
413
414
415
416
418
424
425
427
428
429
430
431
434
435
437
438
440
444
445
446
447
448
449
450
451
453
454
455
458
459
464
465
470
474
478
479
481
482
486
487
488
489
492
493
494
496
497
501
502
503
504
505
510
515
517
518
524
525
526
527
528
532
533
535
538
539
540
541
545
546
547
548
551
553
555
557
558
559
561
562
567
570
571
576
578
579
580
582
583
593
595
596
597
598
601
602
603
609
610
611
613
614
615
617
621
622
624
625
626
627
628
629
634
635
637
642
643
646
650
653
654
655
656
658
659
660
662
664
667
668
671
672
673
675
677
678
681
682
683
684
685
686
689
691
697
699
700
701
707
708
710
711
712
713
722
723
724
728
730
731
732
733
734
750
751
758
760
763
765
766
767
770
775
776
782
786
788
790
791
792
793
801
808
818
822
823
